Lugares: [1, 2, 3, 13, 4, 5, 6, 7, 8, 9, 10, 11, 16, 28, 14, 15, 18, 20, 22, 26, 43, 44, 17, 19, 21, 23, 25, 46, 77, 57, 59, 32, 36, 66, 58, 61, 12, 47, 48, 49, 50, 54, 89, 62, 91, 27, 29, 30, 33, 34, 35, 39, 68, 106, 78, 81, 86, 52, 144, 60, 63, 64, 115, 116, 120, 69, 73, 75, 83, 85, 90, 94, 103, 275, 107, 121, 124, 128, 138, 143, 194, 340]
F obj: 467
T: 3.97949362 segundos

Lugares: [1, 2, 3, 13, 4, 5, 6, 7, 8, 9, 10, 11, 16, 28, 14, 15, 18, 20, 22, 26, 43, 44, 17, 19, 21, 23, 25, 46, 77, 57, 59, 32, 36, 66, 58, 61, 12, 47, 48, 49, 50, 54, 89, 62, 91, 27, 29, 30, 33, 34, 35, 39, 68, 106, 78, 81, 86, 52, 144, 60, 63, 64, 115, 116, 120, 69, 73, 75, 83, 85, 90, 94, 103, 275, 107, 121, 124, 128, 138, 143, 194, 340]
F obj: 467
T: 3.86517501 segundos

Lugares: [1, 2, 3, 13, 4, 5, 6, 7, 8, 9, 10, 11, 16, 28, 14, 15, 18, 20, 22, 26, 43, 44, 17, 19, 21, 23, 25, 46, 77, 57, 59, 32, 36, 66, 58, 61, 12, 47, 48, 49, 50, 54, 89, 62, 91, 27, 29, 30, 33, 34, 35, 39, 68, 106, 78, 81, 86, 52, 144, 60, 63, 64, 115, 116, 120, 69, 73, 75, 83, 85, 90, 94, 103, 275, 107, 121, 124, 128, 138, 143, 194, 340]
F obj: 467
T: 4.02140927 segundos

Lugares: [1, 2, 3, 13, 4, 5, 6, 7, 8, 9, 10, 11, 16, 28, 14, 15, 18, 20, 22, 26, 43, 44, 17, 19, 21, 23, 25, 46, 77, 57, 59, 32, 36, 66, 58, 61, 12, 47, 48, 49, 50, 54, 89, 62, 91, 27, 29, 30, 33, 34, 35, 39, 68, 106, 78, 81, 86, 52, 144, 60, 63, 64, 115, 116, 120, 69, 73, 75, 83, 85, 90, 94, 103, 275, 107, 121, 124, 128, 138, 143, 194, 340]
F obj: 467
T: 3.66604662 segundos

Lugares: [1, 2, 3, 13, 4, 5, 6, 7, 8, 9, 10, 11, 16, 28, 14, 15, 18, 20, 22, 26, 43, 44, 17, 19, 21, 23, 25, 46, 77, 57, 59, 32, 36, 66, 58, 61, 12, 47, 48, 49, 50, 54, 89, 62, 91, 27, 29, 30, 33, 34, 35, 39, 68, 106, 78, 81, 86, 52, 144, 60, 63, 64, 115, 116, 120, 69, 73, 75, 83, 85, 90, 94, 103, 275, 107, 121, 124, 128, 138, 143, 194, 340]
F obj: 467
T: 3.51784921 segundos
-------------------------------------------------------------------------------
Lugares: [1, 2, 3, 13, 4, 5, 6, 7, 8, 9, 10, 11, 16, 28, 14, 15, 18, 20, 22, 26, 43, 44, 17, 19, 21, 23, 25, 46, 77, 57, 59, 32, 36, 66, 58, 61, 12, 47, 48, 49, 50, 54, 89, 62, 91, 27, 29, 30, 33, 34, 35, 39, 68, 106, 78, 81, 86, 52, 144, 60, 63, 64, 115, 116, 120, 69, 73, 75, 83, 85, 90, 94, 103, 275, 107, 121, 124, 128, 138, 143, 194, 340]
F obj: 467
T: 3.44166040 segundos
-------------------------------------------------------------------------------
Lugares: [1, 2, 3, 13, 4, 5, 6, 7, 8, 9, 10, 11, 16, 28, 14, 15, 18, 20, 22, 26, 43, 44, 17, 19, 21, 23, 25, 46, 77, 57, 59, 32, 36, 66, 58, 61, 12, 47, 48, 49, 50, 54, 89, 62, 91, 27, 29, 30, 33, 34, 35, 39, 68, 106, 78, 81, 86, 52, 144, 60, 63, 64, 115, 116, 120, 69, 73, 75, 83, 85, 90, 94, 103, 275, 107, 121, 124, 128, 138, 143, 194, 340]
F obj: 467
T: 3.48717380 segundos
-------------------------------------------------------------------------------
Lugares: [1, 2, 3, 13, 4, 5, 6, 7, 8, 9, 10, 11, 16, 28, 14, 15, 18, 20, 22, 26, 43, 44, 17, 19, 21, 23, 25, 46, 77, 57, 59, 32, 36, 66, 58, 61, 12, 47, 48, 49, 50, 54, 89, 62, 91, 27, 29, 30, 33, 34, 35, 39, 68, 106, 78, 81, 86, 52, 144, 60, 63, 64, 115, 116, 120, 69, 73, 75, 83, 85, 90, 94, 103, 275, 107, 121, 124, 128, 138, 143, 194, 340]
F obj: 467
T: 3.97590613 segundos
-------------------------------------------------------------------------------
Lugares: [1, 2, 3, 13, 4, 5, 6, 7, 8, 9, 10, 11, 16, 28, 14, 15, 18, 20, 22, 26, 43, 44, 17, 19, 21, 23, 25, 46, 77, 57, 59, 32, 36, 66, 58, 61, 12, 47, 48, 49, 50, 54, 89, 62, 91, 27, 29, 30, 33, 34, 35, 39, 68, 106, 78, 81, 86, 52, 144, 60, 63, 64, 115, 116, 120, 69, 73, 75, 83, 85, 90, 94, 103, 275, 107, 121, 124, 128, 138, 143, 194, 340]
F obj: 467
T: 3.72939563 segundos
-------------------------------------------------------------------------------
Lugares: [1, 2, 3, 13, 4, 5, 6, 7, 8, 9, 10, 11, 16, 28, 14, 15, 18, 20, 22, 26, 43, 44, 17, 19, 21, 23, 25, 46, 77, 57, 59, 32, 36, 66, 58, 61, 12, 47, 48, 49, 50, 54, 89, 62, 91, 27, 29, 30, 33, 34, 35, 39, 68, 106, 78, 81, 86, 52, 144, 60, 63, 64, 115, 116, 120, 69, 73, 75, 83, 85, 90, 94, 103, 275, 107, 121, 124, 128, 138, 143, 194, 340]
F obj: 467
T: 3.85814118 segundos
-------------------------------------------------------------------------------
Lugares: [1, 2, 3, 13, 4, 5, 6, 7, 8, 9, 10, 11, 16, 28, 14, 15, 18, 20, 22, 26, 43, 44, 17, 19, 21, 23, 25, 46, 77, 57, 59, 32, 36, 66, 58, 61, 12, 47, 48, 49, 50, 54, 89, 62, 91, 27, 29, 30, 33, 34, 35, 39, 68, 106, 78, 81, 86, 52, 144, 60, 63, 64, 115, 116, 120, 69, 73, 75, 83, 85, 90, 94, 103, 275, 107, 121, 124, 128, 138, 143, 194, 340]
F obj: 467
T: 4.18640256 segundos
-------------------------------------------------------------------------------
Lugares: [1, 2, 3, 13, 4, 5, 6, 7, 8, 9, 10, 11, 16, 28, 14, 15, 18, 20, 22, 26, 43, 44, 17, 19, 21, 23, 25, 46, 77, 57, 59, 32, 36, 66, 58, 61, 12, 47, 48, 49, 50, 54, 89, 62, 91, 27, 29, 30, 33, 34, 35, 39, 68, 106, 78, 81, 86, 52, 144, 60, 63, 64, 115, 116, 120, 69, 73, 75, 83, 85, 90, 94, 103, 275, 107, 121, 124, 128, 138, 143, 194, 340]
F obj: 467
T: 4.42454410 segundos
-------------------------------------------------------------------------------
Lugares: [1, 2, 3, 13, 4, 5, 6, 7, 8, 9, 10, 11, 16, 28, 14, 15, 18, 20, 22, 26, 43, 44, 17, 19, 21, 23, 25, 46, 77, 57, 59, 32, 36, 66, 58, 61, 12, 47, 48, 49, 50, 54, 89, 62, 91, 27, 29, 30, 33, 34, 35, 39, 68, 106, 78, 81, 86, 52, 144, 60, 63, 64, 115, 116, 120, 69, 73, 75, 83, 85, 90, 94, 103, 275, 107, 121, 124, 128, 138, 143, 194, 340]
F obj: 467
T: 3.95831823 segundos
-------------------------------------------------------------------------------
Lugares: [1, 2, 3, 13, 4, 5, 6, 7, 8, 9, 10, 11, 16, 28, 14, 15, 18, 20, 22, 26, 43, 44, 17, 19, 21, 23, 25, 46, 77, 57, 59, 32, 36, 66, 58, 61, 12, 47, 48, 49, 50, 54, 89, 62, 91, 27, 29, 30, 33, 34, 35, 39, 68, 106, 78, 81, 86, 52, 144, 60, 63, 64, 115, 116, 120, 69, 73, 75, 83, 85, 90, 94, 103, 275, 107, 121, 124, 128, 138, 143, 194, 340]
F obj: 467
T: 3.78270149 segundos
-------------------------------------------------------------------------------
Lugares: [1, 2, 3, 13, 4, 5, 6, 7, 8, 9, 10, 11, 16, 28, 14, 15, 18, 20, 22, 26, 43, 44, 17, 19, 21, 23, 25, 46, 77, 57, 59, 32, 36, 66, 58, 61, 12, 47, 48, 49, 50, 54, 89, 62, 91, 27, 29, 30, 33, 34, 35, 39, 68, 106, 78, 81, 86, 52, 144, 60, 63, 64, 115, 116, 120, 69, 73, 75, 83, 85, 90, 94, 103, 275, 107, 121, 124, 128, 138, 143, 194, 340]
F obj: 467
T: 3.72460413 segundos
-------------------------------------------------------------------------------
Lugares: [1, 2, 3, 13, 4, 5, 6, 7, 8, 9, 10, 11, 16, 28, 14, 15, 18, 20, 22, 26, 43, 44, 17, 19, 21, 23, 25, 46, 77, 57, 59, 32, 36, 66, 58, 61, 12, 47, 48, 49, 50, 54, 89, 62, 91, 27, 29, 30, 33, 34, 35, 39, 68, 106, 78, 81, 86, 52, 144, 60, 63, 64, 115, 116, 120, 69, 73, 75, 83, 85, 90, 94, 103, 275, 107, 121, 124, 128, 138, 143, 194, 340]
F obj: 467
T: 3.81890202 segundos
-------------------------------------------------------------------------------
Lugares: [1, 2, 3, 13, 4, 5, 6, 7, 8, 9, 10, 11, 16, 28, 14, 15, 18, 20, 22, 26, 43, 44, 17, 19, 21, 23, 25, 46, 77, 57, 59, 32, 36, 66, 58, 61, 12, 47, 48, 49, 50, 54, 89, 62, 91, 27, 29, 30, 33, 34, 35, 39, 68, 106, 78, 81, 86, 52, 144, 60, 63, 64, 115, 116, 120, 69, 73, 75, 83, 85, 90, 94, 103, 275, 107, 121, 124, 128, 138, 143, 194, 340]
F obj: 467
T: 3.44709420 segundos
-------------------------------------------------------------------------------
Lugares: [1, 2, 3, 13, 4, 5, 6, 7, 8, 9, 10, 11, 16, 28, 14, 15, 18, 20, 22, 26, 43, 44, 17, 19, 21, 23, 25, 46, 77, 57, 59, 32, 36, 66, 58, 61, 12, 47, 48, 49, 50, 54, 89, 62, 91, 27, 29, 30, 33, 34, 35, 39, 68, 106, 78, 81, 86, 52, 144, 60, 63, 64, 115, 116, 120, 69, 73, 75, 83, 85, 90, 94, 103, 275, 107, 121, 124, 128, 138, 143, 194, 340]
F obj: 467
T: 3.90682006 segundos
-------------------------------------------------------------------------------
Lugares: [1, 2, 3, 13, 4, 5, 6, 7, 8, 9, 10, 11, 16, 28, 14, 15, 18, 20, 22, 26, 43, 44, 17, 19, 21, 23, 25, 46, 77, 57, 59, 32, 36, 66, 58, 61, 12, 47, 48, 49, 50, 54, 89, 62, 91, 27, 29, 30, 33, 34, 35, 39, 68, 106, 78, 81, 86, 52, 144, 60, 63, 64, 115, 116, 120, 69, 73, 75, 83, 85, 90, 94, 103, 275, 107, 121, 124, 128, 138, 143, 194, 340]
F obj: 467
T: 4.04045343 segundos
-------------------------------------------------------------------------------
Lugares: [1, 2, 3, 13, 4, 5, 6, 7, 8, 9, 10, 11, 16, 28, 14, 15, 18, 20, 22, 26, 43, 44, 17, 19, 21, 23, 25, 46, 77, 57, 59, 32, 36, 66, 58, 61, 12, 47, 48, 49, 50, 54, 89, 62, 91, 27, 29, 30, 33, 34, 35, 39, 68, 106, 78, 81, 86, 52, 144, 60, 63, 64, 115, 116, 120, 69, 73, 75, 83, 85, 90, 94, 103, 275, 107, 121, 124, 128, 138, 143, 194, 340]
F obj: 467
T: 3.83307195 segundos
-------------------------------------------------------------------------------
Lugares: [1, 2, 3, 13, 4, 5, 6, 7, 8, 9, 10, 11, 16, 28, 14, 15, 18, 20, 22, 26, 43, 44, 17, 19, 21, 23, 25, 46, 77, 57, 59, 32, 36, 66, 58, 61, 12, 47, 48, 49, 50, 54, 89, 62, 91, 27, 29, 30, 33, 34, 35, 39, 68, 106, 78, 81, 86, 52, 144, 60, 63, 64, 115, 116, 120, 69, 73, 75, 83, 85, 90, 94, 103, 275, 107, 121, 124, 128, 138, 143, 194, 340]
F obj: 467
T: 3.79885054 segundos
-------------------------------------------------------------------------------
Lugares: [1, 2, 3, 13, 4, 5, 6, 7, 8, 9, 10, 11, 16, 28, 14, 15, 18, 20, 22, 26, 43, 44, 17, 19, 21, 23, 25, 46, 77, 57, 59, 32, 36, 66, 58, 61, 12, 47, 48, 49, 50, 54, 89, 62, 91, 27, 29, 30, 33, 34, 35, 39, 68, 106, 78, 81, 86, 52, 144, 60, 63, 64, 115, 116, 120, 69, 73, 75, 83, 85, 90, 94, 103, 275, 107, 121, 124, 128, 138, 143, 194, 340]
F obj: 467
T: 3.64122367 segundos
-------------------------------------------------------------------------------
Lugares: [1, 2, 3, 13, 4, 5, 6, 7, 8, 9, 10, 11, 16, 28, 14, 15, 18, 20, 22, 26, 43, 44, 17, 19, 21, 23, 25, 46, 77, 57, 59, 32, 36, 66, 58, 61, 12, 47, 48, 49, 50, 54, 89, 62, 91, 27, 29, 30, 33, 34, 35, 39, 68, 106, 78, 81, 86, 52, 144, 60, 63, 64, 115, 116, 120, 69, 73, 75, 83, 85, 90, 94, 103, 275, 107, 121, 124, 128, 138, 143, 194, 340]
F obj: 467
T: 3.92519975 segundos
-------------------------------------------------------------------------------
Lugares: [1, 2, 3, 13, 4, 5, 6, 7, 8, 9, 10, 11, 16, 28, 14, 15, 18, 20, 22, 26, 43, 44, 17, 19, 21, 23, 25, 46, 77, 57, 59, 32, 36, 66, 58, 61, 12, 47, 48, 49, 50, 54, 89, 62, 91, 27, 29, 30, 33, 34, 35, 39, 68, 106, 78, 81, 86, 52, 144, 60, 63, 64, 115, 116, 120, 69, 73, 75, 83, 85, 90, 94, 103, 275, 107, 121, 124, 128, 138, 143, 194, 340]
F obj: 467
T: 4.01496267 segundos
-------------------------------------------------------------------------------
Lugares: [1, 2, 3, 13, 4, 5, 6, 7, 8, 9, 10, 11, 16, 28, 14, 15, 18, 20, 22, 26, 43, 44, 17, 19, 21, 23, 25, 46, 77, 57, 59, 32, 36, 66, 58, 61, 12, 47, 48, 49, 50, 54, 89, 62, 91, 27, 29, 30, 33, 34, 35, 39, 68, 106, 78, 81, 86, 52, 144, 60, 63, 64, 115, 116, 120, 69, 73, 75, 83, 85, 90, 94, 103, 275, 107, 121, 124, 128, 138, 143, 194, 340]
F obj: 467
T: 3.91252160 segundos
-------------------------------------------------------------------------------
