Lugares: [66, 146, 91, 26, 115, 45, 49, 57, 51, 13, 58, 18, 70, 136, 24, 72, 186, 27, 17, 47, 39, 159, 97, 5, 116, 9, 98, 22, 30, 185, 23, 142, 12, 79, 14, 77, 67, 78, 110, 89, 120, 43, 84, 177, 20, 145, 61, 21, 15, 93, 183, 2, 60, 102, 88, 138, 52, 144, 112, 95, 151, 83, 59, 3, 123, 10, 46, 71, 131, 229, 101, 103, 155, 106, 133, 48, 275, 163, 44, 308, 314, 86, 121, 130, 29, 340]
F obj: 735
T: 3.86861730 segundos
-------------------------------------------------------------------------------
Lugares: [180, 60, 19, 94, 68, 78, 136, 82, 91, 33, 77, 11, 51, 85, 3, 29, 45, 24, 119, 34, 20, 53, 89, 43, 22, 54, 122, 32, 278, 46, 128, 17, 190, 194, 62, 86, 129, 26, 67, 2, 42, 249, 145, 144, 150, 57, 183, 79, 115, 31, 47, 49, 41, 23, 107, 218, 239, 96, 109, 139, 13, 124, 101, 158, 152, 116, 138, 81, 112, 151, 171, 52, 18, 1, 106, 200, 66, 222, 193, 48, 208, 279, 340]
F obj: 771
T: 3.85905004 segundos
-------------------------------------------------------------------------------
Lugares: [44, 22, 54, 59, 56, 67, 122, 180, 27, 108, 161, 14, 58, 28, 95, 60, 92, 52, 34, 136, 36, 84, 85, 11, 124, 185, 118, 101, 63, 32, 10, 142, 117, 26, 79, 18, 98, 48, 47, 97, 24, 23, 72, 123, 5, 86, 278, 91, 238, 127, 158, 96, 186, 366, 62, 176, 111, 237, 138, 77, 88, 68, 3, 16, 30, 39, 9, 222, 76, 146, 125, 106, 78, 110, 195, 199, 103, 168, 355, 112, 218, 116, 265, 279, 340]
F obj: 855
T: 3.49538612 segundos
-------------------------------------------------------------------------------
Lugares: [52, 58, 32, 107, 86, 33, 106, 36, 145, 2, 8, 158, 10, 50, 23, 136, 127, 34, 20, 138, 82, 62, 126, 124, 30, 51, 40, 91, 78, 26, 73, 83, 43, 94, 164, 69, 46, 19, 116, 85, 108, 16, 161, 7, 76, 67, 29, 18, 48, 88, 144, 21, 87, 89, 275, 109, 237, 57, 121, 96, 379, 15, 72, 3, 12, 55, 75, 47, 98, 117, 54, 66, 111, 77, 92, 153, 28, 103, 9, 154, 142, 254, 224, 340]
F obj: 685
T: 4.52033567 segundos
-------------------------------------------------------------------------------
Lugares: [137, 12, 29, 58, 1, 13, 136, 22, 47, 80, 43, 147, 124, 101, 90, 41, 2, 27, 115, 87, 61, 48, 151, 86, 9, 100, 23, 129, 63, 99, 54, 51, 84, 154, 35, 127, 18, 11, 117, 70, 30, 130, 110, 226, 66, 81, 24, 162, 33, 46, 199, 193, 287, 278, 50, 7, 92, 139, 28, 112, 73, 128, 116, 52, 138, 94, 219, 125, 89, 143, 102, 19, 182, 77, 218, 292, 91, 195, 208, 3, 121, 340]
F obj: 758
T: 3.75184679 segundos
-------------------------------------------------------------------------------
Lugares: [1, 47, 145, 78, 56, 60, 54, 7, 68, 10, 22, 150, 24, 71, 31, 236, 185, 107, 51, 30, 49, 89, 125, 76, 248, 13, 110, 61, 148, 59, 21, 14, 100, 58, 15, 180, 101, 9, 34, 83, 29, 48, 81, 41, 36, 94, 25, 153, 77, 176, 57, 192, 46, 124, 194, 16, 106, 75, 208, 39, 161, 356, 115, 11, 139, 119, 116, 55, 91, 69, 165, 12, 103, 169, 118, 121, 189, 158, 237, 174, 242, 52, 193, 135, 340]
F obj: 790
T: 4.37416482 segundos
-------------------------------------------------------------------------------
Lugares: [4, 99, 78, 3, 53, 59, 67, 44, 72, 41, 32, 25, 27, 124, 10, 68, 185, 118, 236, 129, 94, 159, 93, 115, 158, 77, 145, 1, 39, 181, 86, 85, 146, 45, 186, 40, 61, 58, 123, 89, 31, 83, 91, 120, 253, 35, 87, 92, 34, 55, 81, 180, 275, 29, 279, 116, 19, 9, 237, 136, 54, 356, 254, 13, 47, 90, 110, 138, 18, 177, 103, 28, 46, 52, 182, 208, 121, 21, 340]
F obj: 753
T: 3.55346680 segundos
-------------------------------------------------------------------------------
Lugares: [53, 14, 144, 84, 82, 32, 39, 23, 33, 29, 31, 66, 37, 92, 185, 88, 164, 47, 81, 158, 146, 186, 28, 75, 59, 138, 169, 5, 115, 22, 46, 42, 83, 18, 145, 126, 38, 35, 62, 68, 54, 123, 153, 236, 10, 86, 227, 103, 1, 130, 259, 71, 26, 24, 48, 20, 94, 237, 12, 120, 230, 112, 77, 124, 161, 44, 11, 85, 125, 63, 89, 198, 116, 129, 52, 248, 122, 222, 106, 194, 193, 275, 340]
F obj: 786
T: 3.60042906 segundos
-------------------------------------------------------------------------------
Lugares: [90, 77, 83, 22, 40, 33, 3, 12, 145, 57, 30, 2, 69, 45, 160, 75, 48, 68, 60, 129, 78, 16, 120, 125, 98, 44, 155, 23, 18, 226, 123, 10, 55, 73, 19, 9, 31, 124, 112, 189, 181, 26, 247, 144, 76, 43, 79, 7, 158, 17, 81, 41, 136, 21, 110, 66, 71, 161, 91, 8, 122, 218, 93, 72, 433, 147, 138, 222, 167, 92, 137, 46, 89, 135, 200, 97, 151, 194, 52, 174, 237, 193, 86]
F obj: 759
T: 3.99812555 segundos
-------------------------------------------------------------------------------
Lugares: [12, 5, 146, 63, 59, 45, 10, 43, 29, 123, 48, 44, 79, 163, 145, 9, 94, 58, 124, 20, 68, 144, 8, 28, 31, 67, 60, 101, 136, 86, 6, 159, 18, 40, 36, 71, 189, 35, 34, 85, 37, 149, 32, 73, 137, 389, 119, 16, 129, 77, 296, 122, 2, 81, 115, 116, 236, 167, 226, 15, 62, 69, 109, 96, 46, 47, 54, 24, 66, 52, 142, 278, 89, 194, 75, 182, 165, 91, 103, 121, 248, 1, 193, 340]
F obj: 757
T: 4.29555154 segundos
-------------------------------------------------------------------------------
