Lugares: [144, 70, 7, 44, 106, 27, 88, 62, 81, 1, 21, 123, 11, 77, 30, 146, 94, 55, 54, 23, 98, 35, 20, 85, 61, 51, 22, 66, 40, 136, 72, 39, 118, 120, 275, 2, 111, 32, 48, 78, 86, 89, 84, 147, 152, 49, 67, 95, 14, 68, 199, 115, 145, 80, 5, 45, 9, 63, 8, 127, 59, 3, 296, 50, 138, 103, 100, 121, 130, 10, 69, 117, 124, 576, 97, 75, 28, 137, 92, 46, 91, 122, 73, 194, 12, 43]
F obj: 679
T: 3.86642146 segundos
-------------------------------------------------------------------------------
Lugares: [28, 59, 55, 26, 24, 39, 89, 20, 70, 69, 148, 7, 99, 45, 86, 123, 62, 51, 161, 136, 67, 186, 82, 94, 19, 50, 52, 21, 78, 2, 6, 159, 279, 15, 98, 71, 129, 92, 61, 126, 91, 72, 208, 3, 158, 10, 138, 11, 182, 101, 77, 146, 47, 149, 177, 115, 1, 17, 13, 145, 243, 116, 130, 121, 95, 185, 124, 111, 66, 48, 9, 275, 150, 144, 183, 46, 8, 81, 43, 22, 254, 340]
F obj: 722
T: 3.49380279 segundos
-------------------------------------------------------------------------------
Lugares: [14, 79, 80, 127, 89, 94, 115, 69, 31, 136, 2, 83, 25, 26, 68, 43, 21, 73, 153, 226, 1, 32, 78, 36, 17, 16, 12, 3, 85, 110, 126, 108, 63, 137, 75, 30, 138, 35, 174, 44, 124, 161, 46, 34, 166, 106, 47, 50, 11, 88, 116, 10, 193, 49, 123, 117, 120, 60, 57, 103, 177, 15, 61, 237, 259, 48, 55, 13, 111, 151, 121, 278, 86, 9, 163, 28, 155, 194, 91, 52, 81, 340]
F obj: 684
T: 3.34105277 segundos
-------------------------------------------------------------------------------
Lugares: [70, 71, 13, 69, 115, 14, 127, 37, 36, 28, 55, 84, 72, 83, 91, 49, 66, 162, 126, 122, 40, 8, 180, 109, 82, 148, 29, 107, 123, 85, 94, 96, 5, 131, 146, 34, 76, 103, 6, 16, 106, 174, 54, 39, 190, 58, 10, 53, 294, 117, 18, 50, 124, 81, 52, 12, 147, 145, 63, 60, 93, 20, 120, 121, 59, 64, 1, 98, 44, 22, 90, 78, 2, 116, 248, 112, 151, 423, 21, 77, 43, 275, 46, 86, 159, 164, 75, 26, 138, 340]
F obj: 766
T: 4.19551516 segundos
-------------------------------------------------------------------------------
Lugares: [30, 47, 146, 45, 78, 80, 28, 51, 18, 4, 10, 99, 12, 21, 96, 125, 153, 67, 81, 59, 50, 85, 8, 48, 22, 7, 79, 35, 236, 61, 123, 23, 20, 5, 39, 74, 43, 112, 15, 24, 29, 164, 122, 278, 3, 167, 72, 69, 244, 6, 58, 98, 26, 124, 83, 2, 144, 1, 230, 55, 115, 14, 44, 63, 91, 108, 145, 49, 13, 120, 684, 103, 86, 183, 89, 64, 359, 388, 193, 199, 46, 222, 77, 249, 165, 340]
F obj: 806
T: 3.93557358 segundos
-------------------------------------------------------------------------------
