Lugares: [2, 117, 36, 115, 7, 45, 124, 158, 48, 95, 25, 58, 92, 85, 1, 19, 44, 116, 127, 27, 26, 82, 43, 66, 64, 81, 96, 20, 28, 53, 23, 65, 136, 218, 68, 99, 130, 39, 52, 109, 62, 41, 137, 35, 51, 183, 78, 106, 13, 275, 12, 174, 90, 22, 9, 15, 86, 3, 29, 155, 47, 98, 103, 330, 91, 61, 72, 389, 57, 123, 71, 46, 146, 54, 102, 89, 187, 138, 10, 77, 194, 222, 340]
F obj: 693
T: 3.89978099 segundos
-------------------------------------------------------------------------------
Lugares: [25, 29, 116, 126, 69, 60, 94, 36, 15, 43, 61, 91, 77, 125, 32, 58, 38, 19, 59, 11, 62, 88, 57, 158, 67, 99, 142, 151, 66, 22, 31, 124, 35, 24, 161, 51, 78, 83, 7, 276, 74, 317, 9, 8, 140, 48, 45, 10, 44, 50, 2, 17, 95, 46, 122, 70, 40, 275, 102, 80, 26, 3, 107, 127, 123, 129, 73, 121, 137, 21, 93, 98, 86, 52, 148, 12, 1, 103, 64, 14, 106, 20, 185, 254, 340]
F obj: 651
T: 4.40688753 segundos
-------------------------------------------------------------------------------
Lugares: [88, 44, 53, 138, 91, 77, 79, 61, 83, 116, 78, 6, 115, 1, 29, 48, 76, 82, 118, 14, 125, 17, 54, 50, 144, 101, 38, 119, 151, 46, 36, 21, 13, 181, 139, 110, 55, 5, 58, 23, 188, 67, 26, 18, 238, 229, 33, 174, 47, 20, 12, 43, 7, 25, 94, 150, 62, 19, 180, 75, 34, 57, 122, 60, 10, 28, 123, 205, 52, 128, 124, 106, 9, 97, 142, 275, 185, 69, 129, 86, 243, 89, 3, 222, 254, 340]
F obj: 726
T: 4.34164834 segundos
-------------------------------------------------------------------------------
Lugares: [25, 17, 126, 57, 39, 45, 19, 22, 89, 80, 48, 125, 47, 56, 67, 12, 100, 52, 20, 50, 32, 136, 29, 42, 158, 11, 40, 116, 58, 99, 2, 9, 6, 1, 124, 83, 59, 94, 75, 38, 109, 180, 3, 123, 10, 276, 26, 208, 138, 98, 28, 84, 167, 73, 23, 288, 129, 275, 61, 103, 97, 43, 115, 78, 388, 49, 107, 74, 221, 140, 60, 81, 146, 106, 66, 121, 102, 161, 251, 117, 46, 77, 214, 259, 86, 340]
F obj: 771
T: 3.57516575 segundos
-------------------------------------------------------------------------------
Lugares: [86, 31, 23, 24, 84, 123, 8, 38, 98, 71, 185, 48, 67, 148, 20, 101, 21, 108, 165, 186, 161, 27, 61, 198, 218, 127, 102, 99, 35, 107, 69, 45, 32, 54, 12, 19, 47, 6, 112, 68, 116, 119, 40, 63, 149, 156, 117, 39, 50, 9, 125, 77, 75, 70, 51, 88, 57, 78, 93, 103, 96, 109, 28, 208, 139, 176, 118, 43, 100, 278, 52, 143, 122, 81, 83, 55, 145, 60, 575, 1, 142, 14, 356, 201, 193, 34, 158, 222, 230, 3, 340]
F obj: 878
T: 4.62110615 segundos
-------------------------------------------------------------------------------
