Lugares: [116, 9, 16, 136, 89, 28, 14, 19, 12, 88, 180, 79, 100, 57, 123, 99, 87, 66, 115, 237, 85, 6, 7, 10, 124, 32, 73, 83, 52, 11, 58, 47, 40, 63, 3, 339, 236, 55, 145, 185, 81, 82, 148, 25, 127, 31, 122, 90, 51, 80, 205, 54, 103, 62, 97, 92, 276, 106, 91, 21, 33, 187, 167, 121, 34, 69, 1, 5, 20, 151, 125, 18, 161, 275, 29, 46, 308, 321, 78, 174, 208, 242, 253, 340]
F obj: 816
T: 4.29624653 segundos
-------------------------------------------------------------------------------
Lugares: [43, 115, 236, 100, 87, 145, 38, 86, 77, 159, 124, 137, 58, 24, 5, 89, 129, 68, 2, 39, 4, 153, 59, 103, 57, 13, 125, 75, 64, 55, 22, 151, 53, 20, 19, 88, 54, 150, 66, 122, 91, 14, 72, 27, 8, 63, 123, 47, 49, 144, 186, 81, 218, 15, 21, 116, 76, 12, 99, 45, 177, 52, 46, 106, 61, 112, 18, 62, 146, 139, 127, 141, 44, 259, 194, 6, 121, 92, 7, 96, 3, 275, 227, 253, 138, 340]
F obj: 743
T: 4.22485709 segundos
-------------------------------------------------------------------------------
Lugares: [71, 98, 66, 7, 60, 23, 40, 125, 137, 87, 25, 14, 33, 15, 147, 1, 62, 19, 48, 77, 54, 59, 153, 35, 56, 20, 61, 101, 22, 73, 208, 106, 108, 107, 45, 89, 139, 52, 275, 38, 129, 64, 9, 43, 39, 41, 158, 103, 8, 28, 26, 78, 65, 124, 170, 18, 195, 4, 50, 11, 47, 102, 230, 121, 128, 119, 21, 112, 76, 251, 127, 82, 142, 165, 36, 69, 116, 307, 46, 10, 185, 120, 111, 194, 86, 3, 340]
F obj: 710
T: 3.57938647 segundos
-------------------------------------------------------------------------------
Lugares: [8, 32, 80, 72, 136, 71, 81, 56, 59, 107, 73, 115, 236, 35, 47, 9, 37, 48, 63, 6, 11, 101, 83, 28, 275, 97, 23, 100, 122, 88, 7, 167, 61, 118, 70, 42, 84, 46, 149, 163, 69, 237, 34, 144, 123, 4, 77, 45, 108, 106, 12, 109, 226, 10, 120, 105, 57, 75, 89, 74, 129, 130, 116, 2, 124, 13, 161, 133, 29, 165, 92, 145, 44, 68, 85, 345, 39, 86, 52, 193, 121, 194, 155, 214, 21, 3, 340]
F obj: 766
T: 3.54713106 segundos
-------------------------------------------------------------------------------
Lugares: [62, 11, 8, 123, 63, 60, 69, 57, 16, 55, 144, 34, 10, 20, 66, 4, 150, 136, 82, 18, 142, 47, 126, 236, 90, 9, 79, 19, 54, 94, 46, 205, 25, 124, 259, 110, 128, 180, 294, 37, 80, 176, 68, 85, 76, 149, 15, 93, 86, 106, 116, 13, 29, 138, 108, 91, 89, 183, 71, 97, 26, 43, 121, 143, 154, 249, 44, 45, 77, 84, 51, 78, 275, 103, 48, 122, 152, 177, 248, 237, 265, 279, 340]
F obj: 815
T: 3.82023597 segundos
-------------------------------------------------------------------------------
