Lugares: [1, 2, 3, 4, 8, 10, 6, 7, 30, 5, 11, 16, 19, 9, 18, 23, 37, 31, 34, 43, 15, 25, 61, 33, 45, 12, 13, 17, 24, 35, 39, 47, 51, 66, 38, 40, 41, 62, 105, 108, 14, 20, 27, 46, 49, 50, 64, 81, 93, 106, 116, 156, 140, 110, 79, 146, 148, 44, 52, 54, 55, 56, 57, 59, 141, 68, 70, 71, 72, 82, 83, 92, 94, 102, 103, 204, 210, 107, 111, 113, 114, 117, 127, 135, 152, 159, 187, 192, 444, 258, 326]
F obj: 270
T: 54.62011313 segundos
-------------------------------------------------------------------------------
Lugares: [1, 2, 3, 4, 8, 10, 6, 7, 30, 5, 11, 16, 19, 9, 18, 23, 37, 31, 34, 43, 15, 25, 61, 33, 45, 12, 13, 17, 24, 35, 39, 47, 51, 66, 38, 40, 41, 62, 105, 108, 14, 20, 27, 46, 49, 50, 64, 81, 93, 106, 116, 156, 140, 110, 79, 146, 148, 44, 52, 54, 55, 56, 57, 59, 141, 68, 70, 71, 72, 82, 83, 92, 94, 102, 103, 204, 210, 107, 111, 113, 114, 117, 127, 135, 152, 159, 187, 192, 444, 258, 326]
F obj: 270
T: 45.18824530 segundos
-------------------------------------------------------------------------------
Lugares: [1, 2, 3, 4, 8, 10, 6, 7, 30, 5, 11, 16, 19, 9, 18, 23, 37, 31, 34, 43, 15, 25, 61, 33, 45, 12, 13, 17, 24, 35, 39, 47, 51, 66, 38, 40, 41, 62, 105, 108, 14, 20, 27, 46, 49, 50, 64, 81, 93, 106, 116, 156, 140, 110, 79, 146, 148, 44, 52, 54, 55, 56, 57, 59, 141, 68, 70, 71, 72, 82, 83, 92, 94, 102, 103, 204, 210, 107, 111, 113, 114, 117, 127, 135, 152, 159, 187, 192, 444, 258, 326]
F obj: 270
T: 47.68524981 segundos
-------------------------------------------------------------------------------
Lugares: [1, 2, 3, 4, 8, 10, 6, 7, 30, 5, 11, 16, 19, 9, 18, 23, 37, 31, 34, 43, 15, 25, 61, 33, 45, 12, 13, 17, 24, 35, 39, 47, 51, 66, 38, 40, 41, 62, 105, 108, 14, 20, 27, 46, 49, 50, 64, 81, 93, 106, 116, 156, 140, 110, 79, 146, 148, 44, 52, 54, 55, 56, 57, 59, 141, 68, 70, 71, 72, 82, 83, 92, 94, 102, 103, 204, 210, 107, 111, 113, 114, 117, 127, 135, 152, 159, 187, 192, 444, 258, 326]
F obj: 270
T: 46.65429401 segundos
-------------------------------------------------------------------------------
Lugares: [1, 2, 3, 4, 8, 10, 6, 7, 30, 5, 11, 16, 19, 9, 18, 23, 37, 31, 34, 43, 15, 25, 61, 33, 45, 12, 13, 17, 24, 35, 39, 47, 51, 66, 38, 40, 41, 62, 105, 108, 14, 20, 27, 46, 49, 50, 64, 81, 93, 106, 116, 156, 140, 110, 79, 146, 148, 44, 52, 54, 55, 56, 57, 59, 141, 68, 70, 71, 72, 82, 83, 92, 94, 102, 103, 204, 210, 107, 111, 113, 114, 117, 127, 135, 152, 159, 187, 192, 444, 258, 326]
F obj: 270
T: 47.16357565 segundos
-------------------------------------------------------------------------------
Lugares: [1, 2, 3, 4, 8, 10, 6, 7, 30, 5, 11, 16, 19, 9, 18, 23, 37, 31, 34, 43, 15, 25, 61, 33, 45, 12, 13, 17, 24, 35, 39, 47, 51, 66, 38, 40, 41, 62, 105, 108, 14, 20, 27, 46, 49, 50, 64, 81, 93, 106, 116, 156, 140, 110, 79, 146, 148, 44, 52, 54, 55, 56, 57, 59, 141, 68, 70, 71, 72, 82, 83, 92, 94, 102, 103, 204, 210, 107, 111, 113, 114, 117, 127, 135, 152, 159, 187, 192, 444, 258, 326]
F obj: 270
T: 49.20207429 segundos
-------------------------------------------------------------------------------
Lugares: [1, 2, 3, 4, 8, 10, 6, 7, 30, 5, 11, 16, 19, 9, 18, 23, 37, 31, 34, 43, 15, 25, 61, 33, 45, 12, 13, 17, 24, 35, 39, 47, 51, 66, 38, 40, 41, 62, 105, 108, 14, 20, 27, 46, 49, 50, 64, 81, 93, 106, 116, 156, 140, 110, 79, 146, 148, 44, 52, 54, 55, 56, 57, 59, 141, 68, 70, 71, 72, 82, 83, 92, 94, 102, 103, 204, 210, 107, 111, 113, 114, 117, 127, 135, 152, 159, 187, 192, 444, 258, 326]
F obj: 270
T: 46.71009254 segundos
-------------------------------------------------------------------------------
Lugares: [1, 2, 3, 4, 8, 10, 6, 7, 30, 5, 11, 16, 19, 9, 18, 23, 37, 31, 34, 43, 15, 25, 61, 33, 45, 12, 13, 17, 24, 35, 39, 47, 51, 66, 38, 40, 41, 62, 105, 108, 14, 20, 27, 46, 49, 50, 64, 81, 93, 106, 116, 156, 140, 110, 79, 146, 148, 44, 52, 54, 55, 56, 57, 59, 141, 68, 70, 71, 72, 82, 83, 92, 94, 102, 103, 204, 210, 107, 111, 113, 114, 117, 127, 135, 152, 159, 187, 192, 444, 258, 326]
F obj: 270
T: 46.63662052 segundos
-------------------------------------------------------------------------------
Lugares: [1, 2, 3, 4, 8, 10, 6, 7, 30, 5, 11, 16, 19, 9, 18, 23, 37, 31, 34, 43, 15, 25, 61, 33, 45, 12, 13, 17, 24, 35, 39, 47, 51, 66, 38, 40, 41, 62, 105, 108, 14, 20, 27, 46, 49, 50, 64, 81, 93, 106, 116, 156, 140, 110, 79, 146, 148, 44, 52, 54, 55, 56, 57, 59, 141, 68, 70, 71, 72, 82, 83, 92, 94, 102, 103, 204, 210, 107, 111, 113, 114, 117, 127, 135, 152, 159, 187, 192, 444, 258, 326]
F obj: 270
T: 54.44644880 segundos
-------------------------------------------------------------------------------
Lugares: [1, 2, 3, 4, 8, 10, 6, 7, 30, 5, 11, 16, 19, 9, 18, 23, 37, 31, 34, 43, 15, 25, 61, 33, 45, 12, 13, 17, 24, 35, 39, 47, 51, 66, 38, 40, 41, 62, 105, 108, 14, 20, 27, 46, 49, 50, 64, 81, 93, 106, 116, 156, 140, 110, 79, 146, 148, 44, 52, 54, 55, 56, 57, 59, 141, 68, 70, 71, 72, 82, 83, 92, 94, 102, 103, 204, 210, 107, 111, 113, 114, 117, 127, 135, 152, 159, 187, 192, 444, 258, 326]
F obj: 270
T: 46.49181175 segundos
-------------------------------------------------------------------------------
Lugares: [1, 2, 3, 4, 8, 10, 6, 7, 30, 5, 11, 16, 19, 9, 18, 23, 37, 31, 34, 43, 15, 25, 61, 33, 45, 12, 13, 17, 24, 35, 39, 47, 51, 66, 38, 40, 41, 62, 105, 108, 14, 20, 27, 46, 49, 50, 64, 81, 93, 106, 116, 156, 140, 110, 79, 146, 148, 44, 52, 54, 55, 56, 57, 59, 141, 68, 70, 71, 72, 82, 83, 92, 94, 102, 103, 204, 210, 107, 111, 113, 114, 117, 127, 135, 152, 159, 187, 192, 444, 258, 326]
F obj: 270
T: 47.43660402 segundos
-------------------------------------------------------------------------------
Lugares: [1, 2, 3, 4, 8, 10, 6, 7, 30, 5, 11, 16, 19, 9, 18, 23, 37, 31, 34, 43, 15, 25, 61, 33, 45, 12, 13, 17, 24, 35, 39, 47, 51, 66, 38, 40, 41, 62, 105, 108, 14, 20, 27, 46, 49, 50, 64, 81, 93, 106, 116, 156, 140, 110, 79, 146, 148, 44, 52, 54, 55, 56, 57, 59, 141, 68, 70, 71, 72, 82, 83, 92, 94, 102, 103, 204, 210, 107, 111, 113, 114, 117, 127, 135, 152, 159, 187, 192, 444, 258, 326]
F obj: 270
T: 47.83497047 segundos
-------------------------------------------------------------------------------
Lugares: [1, 2, 3, 4, 8, 10, 6, 7, 30, 5, 11, 16, 19, 9, 18, 23, 37, 31, 34, 43, 15, 25, 61, 33, 45, 12, 13, 17, 24, 35, 39, 47, 51, 66, 38, 40, 41, 62, 105, 108, 14, 20, 27, 46, 49, 50, 64, 81, 93, 106, 116, 156, 140, 110, 79, 146, 148, 44, 52, 54, 55, 56, 57, 59, 141, 68, 70, 71, 72, 82, 83, 92, 94, 102, 103, 204, 210, 107, 111, 113, 114, 117, 127, 135, 152, 159, 187, 192, 444, 258, 326]
F obj: 270
T: 45.47921443 segundos
-------------------------------------------------------------------------------
Lugares: [1, 2, 3, 4, 8, 10, 6, 7, 30, 5, 11, 16, 19, 9, 18, 23, 37, 31, 34, 43, 15, 25, 61, 33, 45, 12, 13, 17, 24, 35, 39, 47, 51, 66, 38, 40, 41, 62, 105, 108, 14, 20, 27, 46, 49, 50, 64, 81, 93, 106, 116, 156, 140, 110, 79, 146, 148, 44, 52, 54, 55, 56, 57, 59, 141, 68, 70, 71, 72, 82, 83, 92, 94, 102, 103, 204, 210, 107, 111, 113, 114, 117, 127, 135, 152, 159, 187, 192, 444, 258, 326]
F obj: 270
T: 50.19204998 segundos
-------------------------------------------------------------------------------
Lugares: [1, 2, 3, 4, 8, 10, 6, 7, 30, 5, 11, 16, 19, 9, 18, 23, 37, 31, 34, 43, 15, 25, 61, 33, 45, 12, 13, 17, 24, 35, 39, 47, 51, 66, 38, 40, 41, 62, 105, 108, 14, 20, 27, 46, 49, 50, 64, 81, 93, 106, 116, 156, 140, 110, 79, 146, 148, 44, 52, 54, 55, 56, 57, 59, 141, 68, 70, 71, 72, 82, 83, 92, 94, 102, 103, 204, 210, 107, 111, 113, 114, 117, 127, 135, 152, 159, 187, 192, 444, 258, 326]
F obj: 270
T: 45.59839225 segundos
-------------------------------------------------------------------------------
Lugares: [1, 2, 3, 4, 8, 10, 6, 7, 30, 5, 11, 16, 19, 9, 18, 23, 37, 31, 34, 43, 15, 25, 61, 33, 45, 12, 13, 17, 24, 35, 39, 47, 51, 66, 38, 40, 41, 62, 105, 108, 14, 20, 27, 46, 49, 50, 64, 81, 93, 106, 116, 156, 140, 110, 79, 146, 148, 44, 52, 54, 55, 56, 57, 59, 141, 68, 70, 71, 72, 82, 83, 92, 94, 102, 103, 204, 210, 107, 111, 113, 114, 117, 127, 135, 152, 159, 187, 192, 444, 258, 326]
F obj: 270
T: 45.33250475 segundos
-------------------------------------------------------------------------------
Lugares: [1, 2, 3, 4, 8, 10, 6, 7, 30, 5, 11, 16, 19, 9, 18, 23, 37, 31, 34, 43, 15, 25, 61, 33, 45, 12, 13, 17, 24, 35, 39, 47, 51, 66, 38, 40, 41, 62, 105, 108, 14, 20, 27, 46, 49, 50, 64, 81, 93, 106, 116, 156, 140, 110, 79, 146, 148, 44, 52, 54, 55, 56, 57, 59, 141, 68, 70, 71, 72, 82, 83, 92, 94, 102, 103, 204, 210, 107, 111, 113, 114, 117, 127, 135, 152, 159, 187, 192, 444, 258, 326]
F obj: 270
T: 45.13143468 segundos
-------------------------------------------------------------------------------
