Iteración 1:
Lugares: [291, 163, 552, 358, 223, 46, 86, 179, 148, 69, 359, 75, 77, 81, 133, 11, 120, 321, 308, 185, 581, 3, 416, 160, 22, 352, 215, 183, 85, 101, 256, 40, 412, 30, 325, 447, 182, 68, 8, 259, 93, 97, 47, 15, 252, 71, 157, 141, 585, 645, 244, 324, 48, 115, 323, 458, 65, 169, 140, 153, 98, 176, 376, 66, 364, 258, 377, 45, 320, 143, 475, 168, 142, 460, 14, 353, 156, 9, 177, 557, 209, 79, 231, 171, 114, 84, 225, 603, 2, 190, 342, 180, 181, 87, 312, 245, 31, 235, 236, 349, 4, 287, 55, 251, 479]
F obj: 759
T: 52.96655893 segundos
-------------------------------------------------------------------------------
Iteración 2:
Lugares: [350, 284, 247, 14, 57, 52, 332, 138, 160, 258, 419, 224, 63, 220, 108, 77, 167, 323, 168, 240, 467, 59, 116, 257, 468, 141, 440, 97, 448, 244, 39, 588, 303, 159, 93, 414, 142, 65, 165, 654, 48, 469, 176, 107, 157, 184, 335, 223, 38, 66, 254, 600, 34, 110, 27, 81, 156, 84, 354, 95, 181, 189, 614, 264, 389, 593, 193, 251, 239, 23, 148, 11, 178, 53, 123, 121, 299, 163, 319, 338, 8, 114, 353, 150, 152, 598, 282, 197, 396, 263, 447, 43, 287, 102]
F obj: 719
T: 49.54313374 segundos
-------------------------------------------------------------------------------
Iteración 3:
Lugares: [39, 156, 234, 85, 61, 184, 65, 159, 83, 116, 193, 209, 232, 101, 552, 15, 270, 435, 173, 31, 16, 218, 350, 301, 99, 247, 172, 98, 240, 56, 200, 8, 135, 144, 170, 320, 436, 287, 107, 331, 81, 220, 37, 344, 585, 43, 946, 359, 9, 77, 122, 596, 586, 23, 2, 231, 119, 618, 19, 385, 148, 438, 92, 5, 87, 52, 268, 230, 669, 114, 560, 118, 649, 133, 407, 1, 225, 326, 68, 227, 124, 204, 182, 36, 178, 152, 164, 142, 22, 158, 73, 509]
F obj: 668
T: 44.54029036 segundos
-------------------------------------------------------------------------------
Iteración 4:
Lugares: [209, 288, 120, 94, 255, 90, 40, 196, 85, 32, 153, 97, 250, 30, 83, 295, 47, 89, 434, 262, 64, 422, 49, 116, 132, 156, 145, 351, 248, 229, 555, 291, 444, 211, 13, 122, 69, 257, 376, 41, 321, 324, 38, 553, 11, 274, 468, 113, 221, 95, 375, 338, 679, 173, 236, 350, 702, 84, 212, 488, 597, 44, 377, 105, 213, 266, 114, 418, 4, 23, 16, 286, 195, 854, 269, 144, 112, 303, 467, 225, 317, 379, 239, 253, 117, 10, 734, 25, 328, 9, 237, 203, 227, 146, 336, 31, 149, 370, 628]
F obj: 797
T: 49.50271416 segundos
-------------------------------------------------------------------------------
Iteración 5:
Lugares: [470, 292, 251, 111, 119, 99, 135, 153, 230, 237, 73, 205, 22, 194, 198, 162, 514, 46, 47, 204, 24, 32, 321, 250, 524, 25, 418, 11, 468, 389, 249, 471, 353, 262, 446, 156, 218, 112, 298, 216, 56, 13, 303, 376, 761, 157, 256, 142, 163, 190, 103, 325, 445, 65, 114, 383, 726, 430, 223, 379, 234, 7, 115, 197, 279, 2, 9, 727, 293, 469, 62, 3, 297, 19, 322, 300, 30, 185, 235, 222, 294, 336, 210, 323, 141, 335, 82, 387, 375, 50, 37, 206, 110, 363, 146, 107, 287, 174]
F obj: 780
T: 47.95144773 segundos
-------------------------------------------------------------------------------
Iteración 6:
Lugares: [147, 46, 83, 329, 171, 146, 407, 204, 363, 90, 25, 324, 68, 152, 352, 89, 176, 203, 116, 95, 167, 196, 300, 264, 65, 224, 443, 87, 648, 52, 296, 239, 13, 358, 295, 325, 857, 11, 24, 133, 448, 160, 31, 106, 234, 122, 153, 320, 142, 141, 117, 111, 144, 309, 161, 93, 36, 539, 376, 323, 79, 357, 928, 706, 285, 61, 70, 15, 125, 76, 299, 195, 175, 172, 290, 112, 238, 35, 194, 304, 330, 77, 270, 409, 23, 30, 74, 370, 438, 185, 8, 364, 163, 43, 342, 252]
F obj: 712
T: 46.06668735 segundos
-------------------------------------------------------------------------------
Iteración 7:
Lugares: [229, 23, 202, 168, 262, 33, 46, 291, 131, 222, 97, 16, 154, 193, 87, 32, 111, 82, 121, 8, 6, 245, 107, 72, 194, 11, 74, 323, 444, 12, 143, 63, 447, 419, 208, 158, 106, 171, 165, 259, 35, 69, 122, 284, 112, 288, 142, 467, 47, 133, 700, 41, 471, 25, 29, 42, 705, 804, 385, 395, 182, 147, 34, 169, 701, 125, 159, 105, 7, 210, 359, 565, 31, 24, 70, 257, 90, 156, 342, 562, 98, 265, 37, 150, 174, 515, 218, 94, 192, 123, 363, 157, 140, 43, 2, 109, 396, 219, 920, 1, 287, 252]
F obj: 713
T: 48.72204638 segundos
-------------------------------------------------------------------------------
Iteración 8:
Lugares: [54, 140, 330, 263, 468, 147, 197, 62, 203, 207, 190, 175, 165, 350, 79, 246, 176, 440, 318, 209, 26, 181, 271, 77, 47, 196, 304, 212, 117, 83, 407, 365, 375, 597, 1, 114, 8, 36, 9, 146, 230, 25, 200, 64, 390, 59, 356, 1008, 116, 349, 855, 4, 163, 161, 53, 126, 378, 552, 43, 113, 199, 164, 237, 125, 409, 568, 180, 236, 76, 437, 491, 574, 65, 50, 202, 192, 21, 245, 395, 279, 264, 436, 861, 156, 475, 61, 31]
F obj: 710
T: 41.53925085 segundos
-------------------------------------------------------------------------------
Iteración 9:
Lugares: [86, 147, 189, 375, 99, 38, 114, 333, 118, 252, 157, 133, 290, 240, 163, 97, 384, 174, 47, 1, 224, 90, 45, 166, 7, 5, 56, 80, 589, 212, 231, 123, 342, 246, 303, 521, 31, 177, 472, 8, 89, 175, 434, 128, 863, 178, 37, 473, 6, 332, 169, 107, 647, 320, 378, 582, 104, 2, 227, 150, 201, 376, 30, 16, 87, 728, 351, 62, 119, 438, 140, 3, 69, 536, 164, 223, 79, 149, 336, 66, 200, 159, 199, 304, 148, 381, 465, 251, 285, 228]
F obj: 676
T: 43.01215482 segundos
-------------------------------------------------------------------------------
Iteración 10:
Lugares: [250, 30, 123, 233, 196, 102, 264, 86, 58, 292, 317, 91, 82, 167, 146, 356, 93, 63, 362, 128, 49, 80, 335, 161, 479, 2, 95, 92, 323, 227, 150, 246, 184, 212, 435, 221, 36, 69, 62, 483, 10, 44, 378, 255, 133, 192, 288, 277, 468, 37, 17, 180, 555, 35, 136, 469, 306, 7, 5, 1, 349, 45, 22, 13, 623, 108, 524, 476, 384, 448, 152, 171, 298, 215, 487, 84, 170, 178, 47, 218, 248, 328, 216, 802, 157, 249, 158, 352, 388, 706, 409, 252, 330, 110, 379, 439, 278, 156, 190, 342, 1305]
F obj: 824
T: 48.37245226 segundos
-------------------------------------------------------------------------------
