Lugares: [120, 410, 84, 272, 377, 229, 327, 225, 18, 92, 56, 113, 87, 142, 171, 110, 295, 134, 15, 195, 259, 140, 245, 158, 330, 434, 353, 612, 23, 292, 451, 114, 62, 470, 20, 339, 121, 340, 42, 30, 207, 78, 44, 19, 82, 54, 355, 135, 101, 26, 246, 231, 236, 234, 8, 130, 364, 356, 174, 32, 133, 61, 1, 596, 70, 189, 297, 394, 33, 48, 163, 5, 433, 212, 177, 238, 255, 149, 52, 39, 509, 156, 350, 515, 173, 141, 226, 162, 341, 559, 166, 439, 185, 218, 159, 116, 105, 363, 181, 80, 342]
F obj: 706
T: 49.19301152 segundos
-------------------------------------------------------------------------------
Lugares: [206, 150, 58, 66, 224, 32, 59, 121, 60, 23, 1, 418, 254, 11, 479, 320, 218, 204, 327, 239, 434, 618, 622, 251, 87, 516, 271, 383, 646, 678, 173, 107, 24, 134, 28, 267, 94, 74, 654, 13, 192, 105, 253, 115, 38, 256, 220, 287, 167, 165, 41, 170, 317, 136, 306, 318, 16, 7, 123, 169, 413, 67, 114, 205, 39, 923, 140, 255, 227, 63, 79, 168, 172, 679, 95, 524, 252, 162, 257, 631, 203, 244, 458, 65, 286, 34, 375, 338, 355, 354, 50, 43, 180, 403, 68, 85]
F obj: 755
T: 50.96848416 segundos
-------------------------------------------------------------------------------
Lugares: [91, 81, 134, 470, 59, 206, 552, 581, 357, 201, 257, 197, 114, 301, 41, 471, 137, 249, 150, 198, 128, 583, 21, 557, 325, 20, 226, 228, 354, 14, 327, 582, 138, 89, 44, 51, 505, 319, 298, 69, 85, 353, 161, 252, 70, 309, 475, 323, 627, 345, 375, 52, 255, 118, 168, 253, 444, 23, 191, 433, 339, 356, 376, 395, 224, 478, 384, 66, 42, 232, 254, 2, 184, 65, 192, 90, 177, 580, 205, 246, 3, 99, 175, 660, 86, 163, 237, 953, 299, 278, 328, 244, 147, 349, 167, 1047, 156]
F obj: 860
T: 52.64972830 segundos
-------------------------------------------------------------------------------
Lugares: [191, 154, 120, 78, 134, 376, 28, 108, 163, 105, 288, 7, 267, 268, 41, 93, 26, 182, 258, 255, 285, 300, 68, 254, 439, 92, 554, 260, 760, 136, 75, 170, 195, 441, 11, 95, 205, 30, 225, 158, 248, 83, 12, 48, 164, 581, 116, 46, 565, 490, 224, 176, 155, 218, 261, 14, 111, 247, 64, 426, 649, 295, 57, 18, 320, 521, 253, 34, 437, 601, 496, 226, 65, 436, 244, 160, 1, 84, 232, 444, 279, 162, 146, 354, 249, 304, 703, 110, 190, 50, 211, 311, 287, 342, 210, 448]
F obj: 760
T: 47.64710021 segundos
-------------------------------------------------------------------------------
Lugares: [39, 69, 34, 325, 296, 441, 18, 225, 119, 157, 248, 28, 45, 53, 679, 218, 89, 516, 327, 57, 19, 181, 101, 170, 127, 240, 251, 326, 67, 480, 701, 197, 14, 83, 118, 376, 132, 336, 410, 241, 98, 80, 226, 71, 227, 436, 389, 302, 153, 87, 350, 130, 139, 382, 113, 120, 133, 468, 173, 215, 246, 161, 185, 514, 105, 20, 95, 728, 10, 1258, 158, 249, 709, 242, 9, 260, 200, 15, 56, 314, 285, 166, 560, 32, 660, 117, 304, 291, 231, 252, 761, 253, 109, 187, 351, 237, 177, 64, 452]
F obj: 815
T: 53.69097781 segundos
-------------------------------------------------------------------------------
