Lugares: [256, 71, 161, 354, 267, 79, 47, 27, 264, 219, 160, 191, 265, 181, 234, 328, 476, 324, 228, 59, 143, 434, 235, 377, 158, 179, 175, 139, 121, 255, 19, 110, 70, 249, 165, 6, 758, 7, 452, 440, 376, 240, 230, 304, 651, 327, 237, 106, 166, 42, 263, 351, 68, 132, 700, 33, 226, 101, 128, 98, 349, 347, 26, 200, 458, 118, 107, 225, 292, 105, 144, 542, 301, 679, 31, 141, 867, 274, 69, 202, 25, 246, 187, 113, 10, 51, 34, 64, 238, 340, 343, 215, 43, 245, 247, 350, 3, 342]
F obj: 758
T: 50.27386022 segundos
-------------------------------------------------------------------------------
Lugares: [291, 54, 95, 376, 208, 15, 246, 111, 322, 128, 55, 149, 375, 120, 57, 83, 196, 468, 50, 99, 118, 353, 414, 8, 27, 155, 567, 258, 76, 386, 48, 71, 260, 82, 299, 93, 349, 562, 80, 409, 129, 212, 140, 230, 191, 87, 421, 97, 102, 765, 300, 486, 473, 315, 381, 75, 139, 122, 92, 4, 67, 188, 317, 113, 169, 394, 354, 204, 352, 38, 11, 52, 261, 5, 125, 198, 33, 143, 479, 161, 22, 121, 114, 305, 206, 226, 158, 148, 205, 94, 236, 117, 110, 437, 145, 456, 147, 177, 56, 32, 156, 336, 287, 338]
F obj: 728
T: 53.38638592 segundos
-------------------------------------------------------------------------------
Lugares: [118, 54, 320, 97, 319, 23, 177, 113, 471, 210, 115, 80, 196, 194, 274, 259, 100, 11, 435, 70, 199, 290, 73, 40, 180, 273, 266, 27, 87, 89, 761, 260, 263, 158, 7, 121, 197, 377, 349, 285, 271, 330, 650, 61, 727, 245, 318, 47, 130, 55, 347, 255, 554, 563, 144, 375, 31, 247, 126, 74, 438, 109, 64, 468, 220, 437, 728, 236, 192, 362, 409, 313, 108, 141, 63, 162, 32, 249, 224, 38, 350, 34, 104, 16, 396, 374, 344, 18, 401, 423, 342, 418, 677, 117, 258, 110]
F obj: 786
T: 52.51758480 segundos
-------------------------------------------------------------------------------
Lugares: [299, 126, 105, 468, 159, 162, 320, 7, 331, 89, 90, 127, 179, 411, 80, 256, 62, 6, 95, 208, 318, 409, 65, 148, 63, 60, 257, 147, 474, 246, 375, 128, 158, 436, 8, 198, 479, 2, 787, 35, 123, 418, 238, 17, 205, 13, 69, 131, 586, 24, 225, 140, 141, 161, 118, 82, 628, 231, 377, 252, 222, 84, 189, 356, 190, 249, 87, 111, 662, 224, 531, 855, 439, 230, 152, 251, 240, 174, 271, 182, 237, 73, 307, 210, 327, 342, 220, 268, 447, 67, 244, 36, 61]
F obj: 729
T: 45.24197054 segundos
-------------------------------------------------------------------------------
Lugares: [190, 54, 73, 580, 174, 48, 77, 257, 47, 119, 136, 151, 5, 153, 244, 274, 185, 437, 120, 125, 645, 182, 162, 191, 10, 354, 350, 337, 57, 554, 69, 33, 90, 318, 557, 64, 407, 236, 351, 114, 212, 193, 273, 739, 445, 142, 103, 67, 372, 52, 311, 169, 62, 166, 79, 585, 320, 530, 230, 411, 50, 210, 154, 177, 30, 189, 487, 486, 447, 922, 252, 106, 160, 408, 342, 78, 303, 564, 3, 261, 145, 16, 359, 211, 271, 223, 141, 396, 1, 128, 384, 299, 630, 475, 163]
F obj: 798
T: 52.58167887 segundos
-------------------------------------------------------------------------------
