Lugares: [250, 433, 11, 49, 222, 42, 23, 53, 70, 378, 265, 144, 59, 90, 73, 317, 434, 88, 252, 26, 229, 156, 114, 47, 146, 131, 83, 353, 153, 142, 490, 57, 197, 195, 111, 318, 208, 30, 45, 262, 288, 117, 263, 121, 147, 124, 165, 253, 204, 89, 137, 15, 65, 210, 702, 472, 80, 269, 192, 155, 191, 554, 654, 377, 227, 215, 99, 322, 166, 376, 37, 632, 231, 407, 773, 299, 158, 61, 39, 102, 256, 251, 180, 348, 235, 198, 33, 50, 302, 159, 379, 706, 342, 185, 384, 193, 108, 116]
F obj: 730
T: 47.49089813 segundos
-------------------------------------------------------------------------------
Lugares: [8, 153, 123, 612, 96, 24, 22, 38, 240, 205, 184, 141, 474, 200, 362, 259, 139, 68, 6, 147, 148, 350, 57, 197, 127, 169, 79, 447, 194, 556, 225, 178, 87, 116, 193, 137, 286, 102, 74, 146, 149, 732, 106, 332, 23, 354, 154, 323, 325, 828, 792, 180, 42, 189, 181, 63, 195, 349, 77, 589, 115, 378, 289, 1, 31, 182, 145, 159, 12, 73, 441, 163, 472, 246, 596, 190, 439, 143, 344, 227, 458, 52, 107, 347, 468, 138, 586, 39, 156, 150, 144, 922, 50, 384, 395]
F obj: 764
T: 47.43312263 segundos
-------------------------------------------------------------------------------
Lugares: [322, 128, 254, 612, 473, 15, 158, 205, 80, 330, 43, 123, 9, 136, 116, 130, 37, 438, 167, 68, 260, 224, 85, 410, 180, 298, 114, 186, 291, 226, 66, 163, 106, 119, 200, 140, 284, 177, 2, 141, 264, 81, 34, 120, 375, 392, 592, 319, 39, 82, 135, 323, 175, 245, 8, 64, 559, 442, 255, 113, 162, 422, 189, 207, 493, 99, 472, 188, 105, 324, 249, 628, 77, 97, 190, 198, 11, 143, 133, 320, 585, 267, 171, 229, 164, 227, 218, 344, 479, 524, 520, 287, 338]
F obj: 728
T: 50.54455829 segundos
-------------------------------------------------------------------------------
Lugares: [291, 223, 42, 35, 552, 328, 117, 152, 162, 73, 325, 284, 144, 131, 110, 7, 116, 446, 294, 44, 272, 137, 46, 355, 350, 322, 122, 74, 729, 84, 329, 385, 444, 363, 331, 173, 86, 22, 515, 38, 57, 85, 210, 192, 380, 293, 174, 523, 442, 342, 237, 163, 246, 477, 126, 247, 99, 249, 67, 104, 115, 112, 101, 320, 311, 20, 218, 37, 438, 194, 370, 36, 121, 41, 224, 703, 307, 687, 427, 98, 31, 53, 612, 614, 51, 232, 63, 394, 77, 238, 295, 451, 357, 34, 417, 43, 287, 230]
F obj: 791
T: 53.21419692 segundos
-------------------------------------------------------------------------------
Lugares: [92, 255, 51, 126, 130, 8, 161, 107, 286, 376, 164, 248, 163, 70, 124, 33, 225, 319, 645, 201, 334, 22, 411, 75, 333, 202, 68, 199, 581, 246, 171, 314, 116, 44, 53, 2, 479, 105, 103, 651, 251, 290, 90, 375, 601, 30, 122, 317, 448, 244, 47, 382, 77, 37, 125, 67, 6, 82, 79, 330, 472, 17, 81, 119, 188, 108, 195, 102, 145, 98, 36, 388, 117, 474, 492, 264, 165, 84, 40, 585, 226, 444, 310, 352, 287, 109, 140, 113, 861, 177, 718, 342, 256, 692, 142]
F obj: 742
T: 49.93461061 segundos
-------------------------------------------------------------------------------
