Lugares: [5, 46, 2, 23, 8, 28, 36, 33, 25, 43, 44, 22, 45, 20, 122, 67, 78, 115, 80, 50, 10, 180, 49, 15, 14, 77, 83, 12, 11, 32, 35, 79, 150, 66, 52, 18, 86, 13, 91, 26, 61, 9, 136, 89, 48, 57, 4, 58, 59, 54, 60, 47, 30, 69, 275, 101, 145, 6, 84, 39, 106, 81, 1, 29, 21, 109, 102, 107, 208, 94, 138, 103, 75, 88, 124, 128, 116, 3, 194, 121, 340]
F obj: 530
T: 357.11250138 segundos
------------------------------------------------------------------------------------------------------
Lugares: [48, 30, 16, 28, 49, 122, 29, 37, 13, 4, 3, 12, 21, 78, 19, 59, 2, 34, 79, 15, 10, 22, 36, 39, 50, 69, 6, 85, 54, 43, 83, 91, 61, 33, 8, 66, 68, 1, 77, 144, 86, 27, 24, 115, 23, 32, 82, 58, 31, 35, 44, 110, 62, 52, 25, 72, 145, 7, 75, 100, 11, 136, 9, 67, 46, 90, 81, 158, 106, 161, 60, 193, 107, 120, 123, 215, 121, 135, 89, 138, 103, 147, 116, 151, 194, 340]
F obj: 571
T: 346.98546982 segundos
------------------------------------------------------------------------------------------------------
Lugares: [3, 122, 44, 47, 23, 36, 22, 10, 2, 35, 50, 59, 31, 7, 48, 58, 77, 46, 66, 54, 67, 6, 116, 127, 26, 1, 62, 11, 61, 32, 9, 123, 12, 33, 129, 52, 82, 124, 94, 13, 29, 150, 51, 81, 99, 72, 20, 39, 8, 18, 28, 21, 85, 57, 75, 87, 5, 60, 14, 71, 43, 86, 90, 69, 275, 78, 91, 97, 104, 121, 136, 142, 138, 89, 106, 102, 145, 128, 103, 194, 340]
F obj: 532
T: 344.35102797 segundos
------------------------------------------------------------------------------------------------------
Lugares: [5, 122, 45, 26, 8, 22, 51, 123, 66, 27, 7, 34, 59, 44, 39, 46, 18, 2, 33, 63, 13, 9, 54, 58, 84, 17, 30, 10, 89, 36, 50, 15, 79, 78, 69, 68, 1, 28, 47, 19, 29, 11, 4, 20, 16, 57, 35, 49, 12, 61, 3, 106, 24, 144, 48, 71, 138, 83, 75, 52, 77, 94, 86, 62, 81, 85, 161, 155, 116, 23, 43, 60, 275, 103, 91, 21, 115, 14, 120, 121, 140, 124, 143, 194, 340]
F obj: 516
T: 345.27379179 segundos
------------------------------------------------------------------------------------------------------
Lugares: [6, 24, 5, 18, 45, 43, 33, 77, 10, 4, 49, 3, 17, 31, 29, 57, 63, 13, 53, 32, 2, 21, 62, 35, 52, 20, 91, 12, 40, 22, 23, 71, 26, 39, 44, 27, 144, 46, 19, 69, 48, 78, 8, 47, 94, 81, 66, 86, 11, 68, 83, 59, 151, 138, 58, 50, 1, 122, 74, 97, 164, 90, 75, 70, 92, 79, 158, 7, 123, 103, 116, 124, 106, 121, 96, 120, 99, 135, 136, 146, 143, 194, 193, 340]
F obj: 547
T: 345.68139911 segundos
------------------------------------------------------------------------------------------------------
Lugares: [31, 44, 35, 1, 29, 22, 67, 16, 15, 9, 27, 46, 48, 28, 34, 45, 36, 18, 62, 91, 71, 30, 43, 5, 180, 25, 8, 94, 68, 40, 13, 108, 58, 77, 123, 57, 86, 50, 21, 49, 10, 124, 100, 23, 12, 78, 59, 47, 89, 6, 33, 81, 122, 136, 75, 74, 3, 151, 32, 60, 90, 66, 97, 144, 169, 52, 69, 116, 119, 96, 2, 106, 128, 120, 121, 83, 135, 103, 138, 193, 194, 340]
F obj: 546
T: 426.57896686 segundos
------------------------------------------------------------------------------------------------------
Lugares: [21, 43, 20, 16, 81, 8, 77, 9, 31, 47, 25, 13, 49, 2, 54, 78, 122, 30, 106, 1, 66, 27, 36, 44, 15, 29, 17, 46, 91, 23, 11, 33, 58, 50, 5, 146, 64, 86, 6, 59, 18, 94, 32, 60, 22, 62, 144, 68, 67, 35, 89, 26, 83, 3, 153, 7, 80, 165, 51, 115, 116, 150, 85, 12, 69, 275, 10, 28, 48, 52, 123, 124, 121, 14, 103, 75, 145, 194, 340]
F obj: 484
T: 390.30331135 segundos
------------------------------------------------------------------------------------------------------
