Iteracion: 1
Lugares: [14, 19, 25, 33, 32, 26, 66, 57, 48, 78, 22, 39, 69, 80, 58, 16, 50, 28, 46, 15, 91, 122, 6, 21, 36, 59, 1, 47, 124, 4, 18, 138, 2, 30, 92, 74, 12, 24, 13, 145, 99, 44, 10, 150, 8, 81, 34, 62, 11, 68, 77, 111, 35, 23, 43, 89, 226, 52, 49, 63, 129, 94, 3, 86, 102, 103, 85, 153, 121, 116, 45, 123, 96, 106, 75, 275, 128, 127, 194, 340]
F obj: 529
T: 423.15827131 segundos
------------------------------------------------------------------------------------------------------
Iteracion: 2
Lugares: [21, 77, 5, 15, 79, 19, 57, 38, 35, 33, 37, 26, 1, 58, 82, 34, 9, 10, 48, 53, 43, 3, 12, 30, 4, 50, 18, 23, 92, 89, 20, 11, 69, 13, 39, 14, 17, 32, 25, 36, 49, 44, 47, 27, 7, 67, 118, 99, 61, 29, 151, 124, 110, 120, 55, 8, 78, 59, 86, 80, 54, 64, 2, 129, 68, 41, 101, 193, 276, 91, 81, 107, 102, 117, 103, 145, 75, 106, 128, 127, 116, 28, 52, 135, 121, 176, 46, 194, 340]
F obj: 563
T: 426.41676879 segundos
------------------------------------------------------------------------------------------------------
Iteracion: 3
Lugares: [59, 14, 3, 23, 32, 20, 5, 22, 9, 46, 26, 17, 33, 13, 50, 6, 57, 44, 45, 12, 58, 21, 77, 63, 83, 11, 10, 19, 54, 122, 91, 4, 37, 79, 82, 7, 66, 15, 18, 27, 62, 39, 16, 8, 86, 25, 61, 106, 151, 29, 69, 119, 49, 75, 89, 90, 1, 127, 70, 116, 78, 125, 128, 28, 43, 99, 71, 60, 35, 138, 81, 144, 52, 112, 107, 120, 121, 48, 124, 135, 145, 194, 103, 193, 340]
F obj: 527
T: 416.96622849 segundos
------------------------------------------------------------------------------------------------------
Iteracion: 4
Lugares: [28, 36, 58, 31, 14, 44, 17, 77, 5, 32, 48, 46, 25, 63, 83, 122, 12, 19, 24, 88, 21, 47, 62, 27, 68, 23, 78, 10, 11, 66, 71, 81, 30, 8, 16, 20, 144, 61, 86, 22, 4, 115, 39, 80, 106, 15, 33, 53, 41, 116, 174, 75, 2, 146, 18, 138, 74, 85, 92, 3, 52, 49, 69, 90, 91, 50, 29, 9, 112, 26, 107, 1, 275, 120, 43, 89, 103, 121, 124, 123, 194, 340]
F obj: 504
T: 418.33100319 segundos
------------------------------------------------------------------------------------------------------
Iteracion: 5
Lugares: [79, 28, 6, 26, 5, 47, 122, 19, 45, 3, 30, 66, 36, 35, 2, 52, 68, 50, 123, 29, 15, 13, 51, 54, 7, 89, 4, 106, 91, 61, 116, 57, 39, 18, 60, 67, 32, 49, 37, 72, 27, 55, 62, 174, 124, 78, 33, 34, 75, 46, 83, 48, 9, 69, 126, 139, 85, 77, 115, 43, 138, 1, 12, 86, 102, 96, 21, 112, 208, 80, 275, 8, 101, 44, 81, 103, 128, 14, 120, 20, 121, 194, 340]
F obj: 537
T: 413.35037732 segundos
------------------------------------------------------------------------------------------------------
