Iteración: 1
F. objetivo: [778, 736, 695, 695, 679, 662, 620, 593, 561, 548, 529, 529, 528, 493, 486, 486, 474, 470, 470, 470, 470, 470, 470, 470, 470, 469, 461, 461, 461, 461, 461, 459, 458, 458, 455, 455, 455, 453, 453, 453, 453, 453, 453, 453, 453, 453]
Tiempo: [0, 4.610376596450806, 4.942355394363403, 5.3560380935668945, 5.814364194869995, 6.185993194580078, 6.511432409286499, 6.951152801513672, 7.2306907176971436, 7.644852876663208, 7.942439556121826, 8.429226160049438, 8.89869236946106, 9.189530611038208, 9.644317150115967, 10.05656886100769, 10.54288125038147, 10.920646905899048, 11.372596502304077, 11.802766561508179, 12.139405012130737, 12.618854522705078, 13.01506757736206, 13.484460592269897, 13.928737878799438, 14.28946328163147, 14.653080701828003, 15.072436571121216, 15.56886625289917, 16.166106462478638, 16.60033416748047, 17.07223153114319, 17.54780387878418, 18.021742343902588, 18.44694185256958, 18.97642207145691, 19.464977025985718, 19.727229833602905, 20.299904108047485, 20.790554523468018, 21.23672389984131, 21.635310888290405, 22.02712607383728, 22.496230363845825, 22.870567083358765, 23.29735803604126]
---------------------------

Iteración: 2
F. objetivo: [759, 749, 673, 648, 628, 576, 568, 554, 516, 515, 511, 500, 481, 464, 464, 464, 464, 464, 464, 464, 464, 464, 464, 464, 461, 461, 459, 451, 451, 451, 451, 451, 449, 449, 449, 449, 449, 449, 449, 449, 449, 449, 449, 449, 449, 449]
Tiempo: [0, 4.075314521789551, 4.50440788269043, 4.890468597412109, 5.447519540786743, 5.899750232696533, 6.342023849487305, 6.743041276931763, 7.10469126701355, 7.515185117721558, 7.884116888046265, 8.282556533813477, 8.681187868118286, 9.086775064468384, 9.490116596221924, 9.933103799819946, 10.386308670043945, 10.756880044937134, 11.276369571685791, 11.599896907806396, 12.09233546257019, 12.49211573600769, 12.87440276145935, 13.325181722640991, 13.654096126556396, 14.17428994178772, 14.62665605545044, 15.000434398651123, 15.509591817855835, 15.982342720031738, 16.45392870903015, 16.949747800827026, 17.469788551330566, 18.062941551208496, 18.54513692855835, 19.010058879852295, 19.413970470428467, 19.856308221817017, 20.310508966445923, 20.66804814338684, 21.14252519607544, 21.47549319267273, 21.9160737991333, 22.352946043014526, 22.872511386871338, 23.215842723846436]
---------------------------

Iteración: 3
F. objetivo: [722, 703, 687, 645, 635, 597, 590, 579, 554, 521, 521, 511, 493, 493, 493, 493, 489, 489, 489, 489, 489, 489, 489, 485, 464, 462, 462, 462, 461, 457, 457, 453, 453, 453, 452, 452, 452, 452, 452, 452, 450, 450, 450, 449, 449, 449]
Tiempo: [0, 4.067523956298828, 4.636106491088867, 5.1074512004852295, 5.469989061355591, 5.8282630443573, 6.191262483596802, 6.685327768325806, 6.967980146408081, 7.42945408821106, 7.965463876724243, 8.395658731460571, 8.84817385673523, 9.25061321258545, 9.654524087905884, 10.029899597167969, 10.400723934173584, 10.84868311882019, 11.25161361694336, 11.736342668533325, 12.180821895599365, 12.552616357803345, 12.95266580581665, 13.350858688354492, 13.715780019760132, 14.075929164886475, 14.569194078445435, 14.943021059036255, 15.345878601074219, 15.666324615478516, 16.11072611808777, 16.437628507614136, 16.845991373062134, 17.292277336120605, 17.659493446350098, 18.156102418899536, 18.653770446777344, 19.246278524398804, 19.934690237045288, 20.421414852142334, 20.84456181526184, 21.252766847610474, 21.669456005096436, 22.03382444381714, 22.58989191055298, 22.990653038024902]
---------------------------

Iteración: 4
F. objetivo: [723, 666, 612, 601, 601, 559, 542, 542, 542, 542, 542, 529, 528, 525, 525, 525, 525, 525, 523, 520, 517, 510, 504, 504, 489, 485, 485, 485, 485, 471, 456, 454, 453, 453, 453, 453, 453, 453, 453, 453, 451, 451, 441, 441, 441, 441]
Tiempo: [0, 4.222899913787842, 4.589279413223267, 5.123786449432373, 5.486347913742065, 5.967935085296631, 6.244975328445435, 6.6830973625183105, 7.110355377197266, 7.67766261100769, 8.052056074142456, 8.455538272857666, 8.997400760650635, 9.490627765655518, 10.18632698059082, 10.632267713546753, 11.014413833618164, 11.347211360931396, 11.743810892105103, 12.203399419784546, 12.599858045578003, 13.017479658126831, 13.379784345626831, 13.780714988708496, 14.138508796691895, 14.501812219619751, 14.97372817993164, 15.407419443130493, 15.81209135055542, 16.13342595100403, 16.530879259109497, 16.89612364768982, 17.266033411026, 17.703572511672974, 18.106178283691406, 18.504011392593384, 18.90097713470459, 19.33960795402527, 19.746420860290527, 20.136289358139038, 20.58615779876709, 21.16187620162964, 21.51416039466858, 22.04721188545227, 22.570852518081665, 23.015369415283203]
---------------------------

Iteración: 5
F. objetivo: [740, 708, 683, 651, 612, 593, 584, 557, 557, 557, 551, 525, 525, 525, 525, 525, 484, 475, 475, 470, 470, 470, 464, 464, 464, 464, 464, 464, 464, 464, 464, 464, 464, 464, 464, 464, 464, 464, 464, 464, 464, 464, 464, 464, 464, 464]
Tiempo: [0, 4.018545627593994, 4.5061211585998535, 4.82498025894165, 5.132073163986206, 5.5950846672058105, 6.13303542137146, 6.499901294708252, 7.010600566864014, 7.412216424942017, 7.811523675918579, 8.21950078010559, 8.658870697021484, 9.029837369918823, 9.6225106716156, 10.129827499389648, 10.521983623504639, 10.960641622543335, 11.52520227432251, 11.957007646560669, 12.432447671890259, 12.839896440505981, 13.161892175674438, 13.615218877792358, 14.059643983840942, 14.536405324935913, 14.934541940689087, 15.34788203239441, 15.787460088729858, 16.14808464050293, 16.55542540550232, 17.014979600906372, 17.42299485206604, 17.790097951889038, 18.253794193267822, 18.666234493255615, 19.068387985229492, 19.436912775039673, 19.847195625305176, 20.256295442581177, 20.585718631744385, 21.029906272888184, 21.43407940864563, 21.912320613861084, 22.44107151031494, 22.912339210510254]
---------------------------

