Iteración: 1
F. objetivo: [639, 603, 552, 528, 512, 483, 475, 469, 432, 422, 394, 367, 345, 327, 323, 323, 323, 322, 314, 314, 313, 297, 297, 297, 294, 294, 283, 281, 281, 281, 258, 258, 258, 258, 258, 258, 258, 258, 258, 258, 258, 258, 258, 258, 258, 258]
Tiempo: [0, 55.42375898361206, 60.32935118675232, 64.77470850944519, 70.36880779266357, 75.56051135063171, 80.40664577484131, 85.36016297340393, 88.32994627952576, 91.76927471160889, 97.33526968955994, 101.83628964424133, 107.2771508693695, 113.17555594444275, 117.79436016082764, 123.51624035835266, 130.73028874397278, 135.56781435012817, 138.67973804473877, 145.24226546287537, 150.76664853096008, 157.47882199287415, 163.40447759628296, 168.61949801445007, 172.19443321228027, 178.02698969841003, 183.6965537071228, 188.950336933136, 194.95490288734436, 199.94332122802734, 202.90606379508972, 208.90156507492065, 214.75987315177917, 220.69819474220276, 226.17032313346863, 231.56452870368958, 236.1550977230072, 241.35861110687256, 246.4576826095581, 251.02346658706665, 256.46684980392456, 262.2026596069336, 267.3423147201538, 272.6254189014435, 277.8176317214966, 283.2360987663269]
---------------------------

Iteración: 2
F. objetivo: [804, 741, 688, 655, 594, 559, 535, 510, 487, 454, 428, 413, 388, 362, 347, 345, 326, 326, 312, 298, 298, 296, 291, 288, 285, 284, 281, 281, 280, 280, 280, 280, 268, 268, 268, 268, 268, 267, 267, 267, 266, 263, 262, 262, 262, 262]
Tiempo: [0, 60.95450782775879, 64.55858159065247, 67.56649565696716, 76.02379083633423, 81.02315020561218, 86.05153059959412, 91.77268242835999, 97.28756380081177, 101.29472970962524, 105.84099054336548, 110.90707278251648, 115.48715615272522, 121.1309278011322, 126.79720449447632, 131.45943999290466, 135.86780834197998, 140.87614226341248, 145.63570356369019, 150.63377833366394, 155.57784485816956, 161.09305095672607, 164.54928374290466, 170.3425009250641, 174.63649439811707, 179.13695907592773, 184.01803493499756, 188.93891739845276, 194.5024538040161, 199.84163570404053, 205.35354256629944, 211.32984328269958, 216.31777000427246, 222.59254455566406, 228.60428547859192, 234.14042139053345, 239.10820508003235, 243.16505980491638, 249.31869888305664, 253.2830891609192, 258.9420328140259, 263.6123900413513, 268.70044684410095, 275.34370589256287, 279.934686422348, 284.97949266433716]
---------------------------

Iteración: 3
F. objetivo: [791, 730, 681, 639, 617, 556, 528, 502, 487, 427, 405, 371, 355, 353, 353, 350, 341, 328, 304, 297, 294, 294, 290, 280, 278, 278, 278, 276, 276, 276, 271, 267, 267, 267, 267, 267, 267, 266, 263, 258, 258, 258, 258, 256, 256, 254]
Tiempo: [0, 56.130608558654785, 61.99463486671448, 67.43620276451111, 71.16724514961243, 78.2073404788971, 82.62124729156494, 86.4682388305664, 92.8762354850769, 98.27194356918335, 102.21057724952698, 106.70944595336914, 112.19704127311707, 118.06370663642883, 123.9143476486206, 128.31886386871338, 133.47126579284668, 140.0768847465515, 145.58235621452332, 149.34382462501526, 154.21017241477966, 160.32680201530457, 164.26837372779846, 169.30197596549988, 174.29882836341858, 179.90264868736267, 185.40959787368774, 189.93665075302124, 194.42318201065063, 199.842622756958, 203.9565508365631, 209.12259793281555, 214.5319812297821, 221.0323405265808, 226.10284876823425, 230.09116077423096, 234.9924659729004, 239.92492198944092, 244.53529477119446, 248.93648052215576, 253.84249114990234, 259.57242465019226, 264.56633472442627, 269.5336899757385, 275.0313792228699, 280.0485498905182]
---------------------------

Iteración: 4
F. objetivo: [723, 652, 629, 588, 555, 535, 506, 485, 450, 438, 428, 414, 401, 371, 359, 346, 322, 309, 309, 308, 300, 300, 288, 288, 288, 272, 269, 264, 258, 258, 250, 250, 250, 250, 250, 250, 250, 250, 250, 250, 250, 250, 250, 250, 250, 250]
Tiempo: [0, 58.968355894088745, 64.76776766777039, 71.37353229522705, 78.34835934638977, 83.84415030479431, 87.31939196586609, 91.24733376502991, 95.26465344429016, 100.33271837234497, 104.28828144073486, 110.31766057014465, 115.32132959365845, 118.88359498977661, 124.30919432640076, 128.5866937637329, 133.05163717269897, 136.99312663078308, 143.30233359336853, 147.72048616409302, 152.63507461547852, 158.0769145488739, 161.62242150306702, 167.4856219291687, 172.56523966789246, 177.25213766098022, 182.76707100868225, 186.26049280166626, 191.3847153186798, 197.37382173538208, 202.12815022468567, 207.16280341148376, 213.0066623687744, 218.17440509796143, 223.22976088523865, 228.872150182724, 233.846524477005, 239.99950122833252, 244.451096534729, 248.96298813819885, 255.52536702156067, 260.67653465270996, 266.3212707042694, 271.9888656139374, 277.4593005180359, 282.6824722290039]
---------------------------

Iteración: 5
F. objetivo: [769, 752, 694, 650, 608, 566, 510, 492, 477, 448, 429, 409, 401, 391, 355, 332, 332, 318, 291, 289, 288, 283, 278, 276, 267, 267, 267, 267, 267, 267, 266, 266, 263, 263, 261, 261, 261, 261, 261, 261, 261, 258, 258, 258, 258, 253]
Tiempo: [0, 59.54378271102905, 62.017800092697144, 64.002920627594, 68.52579665184021, 75.68257856369019, 81.04379725456238, 85.94531679153442, 90.87032008171082, 96.60102963447571, 101.53207063674927, 108.54627728462219, 114.90017223358154, 119.99483942985535, 121.62382054328918, 126.6853621006012, 132.1862816810608, 136.6947159767151, 143.27660512924194, 148.82757949829102, 153.9097123146057, 158.82695817947388, 165.21870827674866, 170.77223825454712, 174.81696248054504, 180.076642036438, 185.9006633758545, 192.18721985816956, 197.35468459129333, 202.71013927459717, 206.6715157032013, 213.19644832611084, 218.56255316734314, 223.77753520011902, 228.41839385032654, 234.30445909500122, 240.0456850528717, 245.47797012329102, 250.1570212841034, 256.4252848625183, 261.7038426399231, 266.3895890712738, 271.82948565483093, 277.3942959308624, 282.8609516620636, 287.1070351600647]
---------------------------

