Iteración: 1
F. objetivo: [667, 628, 613, 548, 522, 491, 459, 440, 434, 424, 384, 376, 348, 317, 307, 306]
Tiempo: [0, 53.9237380027771, 58.87113428115845, 62.768593311309814, 69.25399994850159, 73.76901578903198, 77.82740473747253, 82.1617910861969, 87.03360247612, 94.4491355419159, 100.4088785648346, 106.19072985649109, 111.57635760307312, 115.03300762176514, 119.40870356559753, 124.74907207489014]
---------------------------

Iteración: 2
F. objetivo: [749, 718, 677, 600, 555, 547, 503, 490, 472, 453, 427, 425, 423, 423, 403, 378]
Tiempo: [0, 54.62152671813965, 59.47078275680542, 66.04446125030518, 70.53920602798462, 76.32201170921326, 82.2853741645813, 85.94037818908691, 92.38749861717224, 96.356853723526, 99.80493330955505, 104.01002740859985, 108.48984408378601, 113.62437009811401, 119.39542055130005, 122.32544875144958]
---------------------------

Iteración: 3
F. objetivo: [719, 662, 637, 605, 578, 538, 511, 478, 459, 437, 419, 396, 376, 363, 341, 328]
Tiempo: [0, 60.69734001159668, 64.78719353675842, 69.88031101226807, 76.59732389450073, 81.70515656471252, 86.1564576625824, 89.8387861251831, 94.38224625587463, 99.86675477027893, 104.67034387588501, 110.73238921165466, 115.82913756370544, 122.54768633842468, 127.27020144462585, 134.5630702972412]
---------------------------

Iteración: 4
F. objetivo: [698, 633, 612, 547, 526, 479, 467, 453, 431, 420, 396, 374, 369, 367, 367, 350]
Tiempo: [0, 63.49067521095276, 68.05259251594543, 73.64696025848389, 80.171706199646, 83.92411398887634, 88.81334209442139, 92.56868553161621, 97.8509886264801, 103.1214554309845, 108.21121001243591, 112.50887870788574, 116.81288647651672, 124.09649848937988, 130.37171602249146, 137.24364638328552]
---------------------------

Iteración: 5
F. objetivo: [765, 704, 660, 582, 555, 521, 484, 465, 448, 429, 414, 385, 371, 367, 354, 341]
Tiempo: [0, 56.552881956100464, 59.37280297279358, 62.917534828186035, 70.00737714767456, 73.90698528289795, 79.02065253257751, 82.91927361488342, 89.77550911903381, 93.77113342285156, 99.47849607467651, 104.76202774047852, 110.73358464241028, 116.5115156173706, 121.36835050582886, 125.85190176963806]
---------------------------

Iteración: 1
F. objetivo: [745, 701, 653, 594, 555, 504, 489, 471, 459, 442, 421, 394, 393, 382, 365, 356]
Tiempo: [0, 54.272934436798096, 57.871532917022705, 65.2988772392273, 69.78536033630371, 72.49855494499207, 78.90256381034851, 83.09831643104553, 88.59106683731079, 94.07431960105896, 100.04282999038696, 104.15875911712646, 109.47219228744507, 115.08582973480225, 120.15714120864868, 125.12426972389221]
---------------------------

Iteración: 2
F. objetivo: [707, 661, 604, 553, 539, 511, 474, 447, 428, 418, 399, 387, 368, 354, 347, 331]
Tiempo: [0, 57.85095524787903, 61.717905044555664, 68.17766690254211, 74.4037127494812, 76.92589688301086, 81.95990109443665, 87.03071856498718, 92.25791907310486, 97.2394368648529, 101.95056343078613, 106.02294135093689, 111.11314129829407, 115.15402483940125, 119.7712049484253, 126.67278218269348]
---------------------------

Iteración: 3
F. objetivo: [626, 575, 535, 503, 476, 430, 414, 405, 386, 366, 348, 328, 324, 324, 307, 301]
Tiempo: [0, 56.7278106212616, 63.264888048172, 66.8666079044342, 72.42050862312317, 78.18943905830383, 84.09643292427063, 89.12745141983032, 93.5915470123291, 97.65848898887634, 100.67308831214905, 104.304767370224, 109.48298144340515, 115.12903356552124, 120.52156186103821, 125.57270383834839]
---------------------------

Iteración: 4
F. objetivo: [656, 615, 584, 574, 532, 505, 457, 438, 434, 396, 384, 384, 372, 361, 355, 345]
Tiempo: [0, 54.797924280166626, 61.287206172943115, 64.98353242874146, 70.38294649124146, 74.92608094215393, 78.59228253364563, 83.68346309661865, 88.9488832950592, 97.51833748817444, 101.39650082588196, 107.64213061332703, 111.8146824836731, 116.64670276641846, 122.90263032913208, 127.84318518638611]
---------------------------

Iteración: 5
F. objetivo: [720, 679, 629, 568, 521, 498, 452, 430, 404, 404, 382, 366, 340, 337, 327, 322]
Tiempo: [0, 57.561538219451904, 60.629642486572266, 66.61137342453003, 70.79891300201416, 76.16719651222229, 82.76754403114319, 86.90980243682861, 91.17093229293823, 96.26285481452942, 100.29901337623596, 104.00263571739197, 108.94497108459473, 113.53321647644043, 117.54975652694702, 122.76692938804626]
---------------------------

