Iteración: 1
F. objetivo: [749, 655, 602, 560, 530, 502, 483, 483, 483, 482, 465, 465, 465, 465, 465, 465, 465, 465, 463, 463, 463, 461, 461, 461, 454, 454, 454, 454, 454, 454, 454]
Tiempo: [0, 4.489256381988525, 5.296858310699463, 6.134063959121704, 6.825807094573975, 7.629456043243408, 8.689467668533325, 9.568673372268677, 10.269508361816406, 11.077750205993652, 11.794612169265747, 12.69331431388855, 13.542197942733765, 14.298396348953247, 15.09324598312378, 15.888573169708252, 16.68207573890686, 17.578479290008545, 18.302602291107178, 19.07186460494995, 20.078298807144165, 20.817049264907837, 21.855857610702515, 22.608376502990723, 23.1985285282135, 24.12039613723755, 24.872967958450317, 25.708300352096558, 26.55103063583374, 27.20099711418152, 28.036011457443237]
---------------------------

Iteración: 2
F. objetivo: [771, 682, 633, 606, 573, 533, 485, 478, 474, 471, 468, 458, 453, 452, 452, 452, 452, 452, 452, 450, 450, 450, 450, 450, 449, 449, 449, 449, 449, 449, 449]
Tiempo: [0, 4.446876525878906, 5.467490196228027, 6.200035333633423, 7.089353322982788, 7.901366233825684, 8.769249677658081, 9.5928955078125, 10.502815008163452, 11.274439811706543, 12.031185865402222, 12.839216232299805, 13.569985628128052, 14.356707096099854, 15.23156213760376, 16.230860948562622, 17.317352056503296, 18.179659843444824, 18.942498445510864, 19.726546049118042, 20.53716731071472, 21.320493459701538, 22.11597514152527, 23.088255643844604, 23.96030592918396, 24.909210443496704, 25.822096347808838, 26.625046014785767, 27.395636558532715, 28.775228261947632, 29.861632347106934]
---------------------------

Iteración: 3
F. objetivo: [690, 636, 570, 558, 518, 485, 482, 481, 462, 460, 454, 448, 448, 448, 448, 448, 448, 448, 448, 448, 448, 448, 448, 448, 448, 448, 448, 448, 448, 448, 446]
Tiempo: [0, 4.284921646118164, 5.1520304679870605, 5.906731605529785, 6.79888653755188, 7.473273754119873, 8.544561624526978, 9.607211351394653, 10.520228385925293, 11.670951843261719, 12.756588459014893, 13.565035581588745, 14.536871194839478, 15.204103708267212, 16.01272749900818, 16.75534462928772, 17.53692364692688, 18.33282232284546, 19.234848737716675, 20.020097494125366, 20.742817401885986, 21.57648253440857, 22.3557345867157, 23.437918424606323, 24.70238447189331, 25.710764169692993, 26.662023544311523, 27.45988655090332, 28.379919290542603, 29.085464477539062, 29.847063064575195]
---------------------------

Iteración: 4
F. objetivo: [685, 663, 636, 568, 532, 495, 489, 489, 479, 472, 472, 472, 465, 462, 459, 459, 459, 459, 455, 455, 455, 455, 455, 455, 455, 455, 452, 452, 452, 452, 452]
Tiempo: [0, 4.540669202804565, 5.278031826019287, 5.935754299163818, 6.639178276062012, 7.529695749282837, 8.511185646057129, 9.383248090744019, 10.047234535217285, 10.802945375442505, 11.623461484909058, 12.476063013076782, 13.181343793869019, 13.972224712371826, 14.73433542251587, 15.705877780914307, 16.5589439868927, 17.391399383544922, 18.343969106674194, 19.463499307632446, 20.538552045822144, 21.398776054382324, 22.156485080718994, 22.85449981689453, 23.68825054168701, 24.435364961624146, 25.13333821296692, 26.041035890579224, 26.742840051651, 27.66972804069519, 28.644986867904663]
---------------------------

Iteración: 5
F. objetivo: [789, 706, 665, 607, 587, 555, 546, 514, 512, 500, 495, 480, 472, 469, 464, 462, 462, 462, 460, 460, 447, 447, 442, 442, 442, 442, 442, 442, 442, 442, 442]
Tiempo: [0, 4.892386198043823, 5.6823179721832275, 6.860630035400391, 7.685439348220825, 8.27067232131958, 9.140070676803589, 9.859859228134155, 10.602249383926392, 11.304359674453735, 12.10880970954895, 12.86961555480957, 13.578263759613037, 14.459215879440308, 15.55878734588623, 16.62580108642578, 17.55266833305359, 18.36820340156555, 19.093211889266968, 19.97901201248169, 20.620712518692017, 21.44943118095398, 22.16514801979065, 23.03037714958191, 23.821626663208008, 24.61875081062317, 25.528014421463013, 26.237844705581665, 27.131041765213013, 28.203753232955933, 29.150798559188843]
---------------------------

