Iteración: 1
F. objetivo: [683, 668, 631, 586, 586, 586, 578, 560, 542, 525, 523, 508, 492, 492, 479, 479, 479, 469, 469, 469, 469, 469, 469, 469, 469, 469, 469, 469, 469, 469, 469]
Tiempo: [0, 3.7304985523223877, 4.262712717056274, 4.587770700454712, 4.99214243888855, 5.435408353805542, 5.799314737319946, 6.186736822128296, 6.683831691741943, 7.127436399459839, 7.563874006271362, 8.116075277328491, 8.44139838218689, 8.887313604354858, 9.294942855834961, 9.694967031478882, 10.134574890136719, 10.533947229385376, 11.012825965881348, 11.421809673309326, 11.831743240356445, 12.229995012283325, 12.634644746780396, 13.107186317443848, 13.5049729347229, 13.824780702590942, 14.27077841758728, 14.671064615249634, 15.066129922866821, 15.42334246635437, 15.897872924804688]
---------------------------

Iteración: 2
F. objetivo: [766, 729, 696, 649, 631, 601, 591, 553, 530, 530, 530, 519, 510, 486, 477, 477, 477, 477, 477, 477, 476, 471, 470, 470, 463, 462, 456, 456, 456, 456, 456]
Tiempo: [0, 4.538016319274902, 4.815518140792847, 5.095131874084473, 5.379279375076294, 5.877769231796265, 6.2398810386657715, 6.64348292350769, 7.002983093261719, 7.4434263706207275, 7.889808654785156, 8.253520488739014, 8.573283910751343, 9.010117292404175, 9.36575722694397, 9.844606876373291, 10.240817070007324, 10.73338270187378, 11.087537050247192, 11.445233821868896, 11.807694435119629, 12.167681455612183, 12.577342748641968, 12.9801607131958, 13.347493171691895, 13.711331844329834, 14.111010789871216, 14.518582344055176, 15.051565408706665, 15.612044334411621, 16.024958848953247]
---------------------------

Iteración: 3
F. objetivo: [745, 711, 665, 648, 623, 601, 574, 571, 563, 556, 535, 529, 521, 521, 503, 496, 469, 469, 469, 469, 469, 469, 467, 456, 456, 456, 456, 456, 456, 456, 456]
Tiempo: [0, 4.552134275436401, 4.919816732406616, 5.37622857093811, 5.789096355438232, 6.10839581489563, 6.5909998416900635, 7.00410008430481, 7.486308574676514, 7.893019914627075, 8.24954342842102, 8.640368461608887, 9.111709117889404, 9.523497581481934, 9.961500406265259, 10.282456874847412, 10.681398391723633, 11.383782863616943, 11.91037130355835, 12.50665545463562, 12.949645519256592, 13.277348756790161, 13.676071882247925, 14.036148309707642, 14.473649978637695, 14.906119585037231, 15.401859283447266, 15.794648885726929, 16.187719583511353, 16.620105504989624, 16.979333877563477]
---------------------------

Iteración: 4
F. objetivo: [773, 715, 694, 636, 598, 575, 554, 538, 526, 518, 503, 491, 486, 484, 481, 478, 477, 477, 477, 477, 477, 477, 477, 474, 474, 474, 471, 467, 457, 457, 457]
Tiempo: [0, 4.083128213882446, 4.400002479553223, 4.602994680404663, 5.040580749511719, 5.465080499649048, 5.748023748397827, 6.21769642829895, 6.626366853713989, 7.306703090667725, 8.131620168685913, 8.794329404830933, 9.269793510437012, 9.748668909072876, 10.215189695358276, 10.616283178329468, 10.9746732711792, 11.416511297225952, 11.760299682617188, 12.234659910202026, 12.680496215820312, 13.185282707214355, 13.612310886383057, 14.195647239685059, 14.638689994812012, 15.094728708267212, 15.502111434936523, 15.946824312210083, 16.235256671905518, 16.636927127838135, 17.142176389694214]
---------------------------

Iteración: 5
F. objetivo: [768, 741, 716, 657, 617, 592, 587, 566, 540, 524, 504, 496, 488, 488, 488, 488, 488, 488, 485, 485, 480, 480, 477, 477, 477, 477, 475, 475, 467, 457, 457]
Tiempo: [0, 4.776667356491089, 5.136941432952881, 5.334455728530884, 5.7645368576049805, 6.120782136917114, 6.555162191390991, 7.052729845046997, 7.387027740478516, 7.859610557556152, 8.264774799346924, 8.723352193832397, 9.138596296310425, 9.774561882019043, 10.23407793045044, 10.692602396011353, 11.173911571502686, 11.587772369384766, 11.90460467338562, 12.305557489395142, 12.669289112091064, 13.077075242996216, 13.463854789733887, 14.055575847625732, 14.494033336639404, 15.10050654411316, 15.52358865737915, 16.001883268356323, 16.474527835845947, 16.797338247299194, 17.239429712295532]
---------------------------

