Iteración: 1
F. objetivo: [739, 629, 577, 542, 533, 512, 480, 478, 462, 453, 453, 453, 453, 453, 453, 453, 453, 453, 449, 447, 447, 447, 447, 447, 447, 447, 447, 447, 447, 447, 447]
Tiempo: [0, 5.1318535804748535, 6.070950031280518, 7.4325408935546875, 8.648350238800049, 9.852999448776245, 10.951894760131836, 12.199339866638184, 13.374078750610352, 14.505290746688843, 15.744800090789795, 16.959508180618286, 18.238379955291748, 19.743075847625732, 20.94345235824585, 22.169944047927856, 23.3498854637146, 24.564777612686157, 25.757110357284546, 26.9678053855896, 28.247990369796753, 29.56000018119812, 30.953675508499146, 32.35116362571716, 33.5718731880188, 34.87366056442261, 36.170978307724, 37.44970345497131, 38.792945861816406, 39.92275905609131, 41.095635652542114]
---------------------------

Iteración: 2
F. objetivo: [739, 633, 606, 598, 544, 533, 503, 498, 486, 486, 486, 469, 462, 462, 462, 462, 462, 462, 459, 459, 459, 459, 459, 458, 458, 458, 458, 458, 458, 458, 458]
Tiempo: [0, 5.6500349044799805, 6.807712554931641, 8.181005954742432, 9.18665599822998, 10.462652206420898, 11.813693523406982, 12.925286531448364, 14.247426271438599, 15.863162755966187, 17.16983652114868, 18.24666166305542, 19.528653144836426, 20.79699993133545, 22.014236211776733, 23.287883758544922, 24.539199113845825, 25.774170398712158, 27.31847906112671, 28.77368664741516, 29.90643811225891, 31.21323251724243, 32.36639904975891, 33.48594808578491, 34.82758712768555, 36.02654552459717, 37.18474721908569, 38.48704266548157, 39.94571375846863, 41.38311147689819, 42.57545065879822]
---------------------------

Iteración: 3
F. objetivo: [681, 575, 516, 475, 471, 467, 446, 446, 445, 445, 445, 445, 445, 445, 445, 445, 442, 442, 442, 442, 442, 442, 442, 442, 442, 442, 442, 442, 442, 442, 442]
Tiempo: [0, 4.894991636276245, 6.040576219558716, 7.03718113899231, 8.43198037147522, 10.401012420654297, 11.616321325302124, 12.986162662506104, 14.230087518692017, 15.603174448013306, 16.914167881011963, 18.26115918159485, 19.65074372291565, 20.91684579849243, 22.56536340713501, 23.82224941253662, 24.923316955566406, 26.304056644439697, 27.65373969078064, 28.890223503112793, 30.094667673110962, 31.408496141433716, 32.676228523254395, 34.173354625701904, 35.48405647277832, 36.68671536445618, 37.887505769729614, 39.10728478431702, 40.31066298484802, 41.48237490653992, 42.7824866771698]
---------------------------

Iteración: 4
F. objetivo: [741, 641, 541, 494, 480, 467, 465, 456, 455, 455, 454, 449, 449, 449, 449, 441, 441, 441, 441, 441, 441, 441, 441, 440, 440, 440, 440, 440, 440, 440, 440]
Tiempo: [0, 5.325857162475586, 6.644707918167114, 7.790964841842651, 9.010204315185547, 10.174433708190918, 11.411479711532593, 12.6779203414917, 13.858309745788574, 15.275140285491943, 16.895542860031128, 18.081531047821045, 19.316487789154053, 20.557624578475952, 21.732556343078613, 22.814165353775024, 24.183555841445923, 25.42404341697693, 26.82371735572815, 28.1004159450531, 29.722209930419922, 30.846375703811646, 32.06614637374878, 33.150938510894775, 34.78007769584656, 36.14595031738281, 37.34039902687073, 38.694700717926025, 39.942025661468506, 41.50196552276611, 42.68573760986328]
---------------------------

Iteración: 5
F. objetivo: [804, 702, 625, 585, 507, 504, 485, 485, 483, 458, 457, 457, 457, 450, 450, 440, 440, 440, 440, 440, 440, 440, 440, 440, 440, 440, 440, 440, 440, 440, 440]
Tiempo: [0, 4.7519004344940186, 5.9624409675598145, 6.976348638534546, 7.98394775390625, 9.55563735961914, 11.194571018218994, 12.493009567260742, 13.687634468078613, 14.772257804870605, 16.090585708618164, 17.525858163833618, 18.784035682678223, 19.879930019378662, 21.18994951248169, 22.464305877685547, 23.963562726974487, 25.213921070098877, 26.51183557510376, 27.866379261016846, 29.091960668563843, 30.316328048706055, 31.59273600578308, 32.726797103881836, 34.036397218704224, 35.77463960647583, 36.96558356285095, 38.252554416656494, 39.57300114631653, 40.764211893081665, 42.04761505126953]
---------------------------

