Iteración: 1
F. objetivo: [711, 649, 599, 575, 564, 549, 527, 516, 514, 497, 482, 478, 469, 466, 466, 466, 466, 466, 466, 466, 459, 459, 459, 459, 457, 457, 457, 457, 457, 457, 457, 455, 451, 451, 451, 451, 451, 451, 451, 451, 449, 449, 449, 447, 446, 445]
Tiempo: [0, 4.4460289478302, 5.248239040374756, 6.121516942977905, 6.925842761993408, 7.750730752944946, 8.534630298614502, 9.238405704498291, 10.088393688201904, 10.940937519073486, 11.729992866516113, 12.483164548873901, 13.196145057678223, 13.979012489318848, 14.861238956451416, 15.671360731124878, 16.4707932472229, 17.4425528049469, 18.28859806060791, 19.077425241470337, 19.891239404678345, 20.727941513061523, 21.47918701171875, 22.28976798057556, 23.04266357421875, 23.880473852157593, 24.721040725708008, 25.563724040985107, 26.351897954940796, 27.14379858970642, 27.945826292037964, 28.699113368988037, 29.545931577682495, 30.50573492050171, 31.277037143707275, 32.07750177383423, 32.96235799789429, 33.67722010612488, 34.48145294189453, 35.30785012245178, 36.07539391517639, 36.9590277671814, 37.726439476013184, 38.501768827438354, 39.25326752662659, 40.02673888206482]
---------------------------

Iteración: 2
F. objetivo: [698, 635, 603, 554, 545, 535, 515, 500, 500, 486, 486, 483, 483, 481, 467, 467, 457, 456, 453, 452, 448, 441, 441, 441, 441, 441, 441, 441, 441, 441, 441, 441, 441, 441, 441, 441, 441, 441, 441, 441, 441, 441, 441, 441, 441, 441]
Tiempo: [0, 4.7986016273498535, 5.740761995315552, 6.496145248413086, 7.51051139831543, 8.210984468460083, 8.957063913345337, 9.78714394569397, 10.651451826095581, 11.323985815048218, 12.21944808959961, 13.037199020385742, 14.197499513626099, 15.139364004135132, 15.88853931427002, 16.677809238433838, 17.471352100372314, 18.302340984344482, 19.133077383041382, 19.922600984573364, 20.671109199523926, 21.381612062454224, 22.312285661697388, 23.020517826080322, 23.8856143951416, 24.655962467193604, 25.66313409805298, 26.693649768829346, 27.791327238082886, 28.57231068611145, 29.327425718307495, 30.261197090148926, 31.16402292251587, 31.98958706855774, 33.03253984451294, 33.819546937942505, 34.61723709106445, 35.474257946014404, 36.274452924728394, 37.019814252853394, 37.94135046005249, 38.92193841934204, 39.827194690704346, 40.72838258743286, 41.479466915130615, 42.28442668914795]
---------------------------

Iteración: 3
F. objetivo: [759, 633, 609, 579, 519, 494, 474, 474, 474, 466, 466, 461, 459, 459, 456, 450, 450, 450, 450, 450, 450, 450, 450, 450, 450, 450, 445, 445, 443, 443, 443, 443, 443, 443, 443, 443, 443, 443, 443, 443, 443, 443, 443, 443, 443, 443]
Tiempo: [0, 4.206246852874756, 4.910430669784546, 5.77503776550293, 6.448723793029785, 7.2106688022613525, 8.067623853683472, 9.084495544433594, 10.038813591003418, 10.865420579910278, 11.645998239517212, 12.464763879776001, 13.173739671707153, 14.010465621948242, 14.900751829147339, 15.613765954971313, 16.335819959640503, 17.1406409740448, 17.966325759887695, 18.79090142250061, 19.540706634521484, 20.572778701782227, 21.592987537384033, 22.60741090774536, 23.43961191177368, 24.27624821662903, 25.06235671043396, 25.931275606155396, 26.7393000125885, 27.81868839263916, 28.6038339138031, 29.341980457305908, 30.198010206222534, 31.03025507926941, 31.956215620040894, 32.93669676780701, 33.95300030708313, 34.81811881065369, 35.54737663269043, 36.34934902191162, 37.1723268032074, 37.84817862510681, 38.733020305633545, 39.52298665046692, 40.23731541633606, 41.03613638877869]
---------------------------

Iteración: 4
F. objetivo: [682, 594, 547, 523, 492, 492, 492, 489, 477, 467, 456, 456, 456, 455, 452, 448, 448, 448, 448, 448, 448, 448, 447, 447, 447, 447, 447, 447, 447, 447, 447, 447, 447, 447, 447, 447, 447, 447, 447, 447, 446, 446, 446, 446, 446, 446]
Tiempo: [0, 4.756139039993286, 5.503838777542114, 6.283851861953735, 6.95854115486145, 7.9091956615448, 8.779926300048828, 9.48581337928772, 10.237130880355835, 11.039738893508911, 11.718980312347412, 12.629385471343994, 13.518324613571167, 14.289549350738525, 15.09782075881958, 15.857614517211914, 17.012415647506714, 17.992260694503784, 18.816169023513794, 19.528310537338257, 20.30816912651062, 21.056118726730347, 21.856752157211304, 22.752639770507812, 23.60920476913452, 24.271451473236084, 25.095585346221924, 25.75260281562805, 26.582627296447754, 27.327614545822144, 28.15493893623352, 29.218822240829468, 30.263362884521484, 31.01596736907959, 31.740971326828003, 32.478166341781616, 33.183860063552856, 34.03288269042969, 34.813326358795166, 35.6143262386322, 36.37944841384888, 37.2589910030365, 38.040945053100586, 38.92967414855957, 39.51899981498718, 40.32078289985657]
---------------------------

Iteración: 5
F. objetivo: [821, 755, 625, 595, 575, 531, 507, 506, 493, 491, 491, 479, 474, 473, 470, 456, 450, 444, 444, 444, 444, 444, 444, 444, 444, 444, 444, 444, 444, 444, 444, 444, 444, 444, 444, 444, 444, 444, 444, 444, 444, 444, 444, 444, 444, 444]
Tiempo: [0, 4.717031717300415, 5.507492303848267, 6.3767218589782715, 7.1513755321502686, 7.853692531585693, 8.813283205032349, 9.649504899978638, 10.47545576095581, 11.315813064575195, 12.13660717010498, 13.187283754348755, 14.162095308303833, 15.058892488479614, 15.95407748222351, 16.70838165283203, 17.446040868759155, 18.158353567123413, 19.030404090881348, 19.81344962120056, 20.724081993103027, 21.434348344802856, 22.13798475265503, 22.997674465179443, 23.80064868927002, 24.498193979263306, 25.34283185005188, 26.42824649810791, 27.393940448760986, 28.134369611740112, 28.824830770492554, 29.68238878250122, 30.517148971557617, 31.276813745498657, 32.12008094787598, 32.987221240997314, 33.772157430648804, 34.59155559539795, 35.41088795661926, 36.15910053253174, 36.9340124130249, 37.8610053062439, 38.9918577671051, 39.991748332977295, 41.01849603652954, 41.84417796134949]
---------------------------

