Iteración: 1
F. objetivo: [727, 652, 607, 564, 552, 546, 509, 499, 479, 477, 461, 461, 456, 456, 456, 451, 451, 448, 447, 447, 445, 445, 445, 445, 445, 445, 445, 445, 445, 445, 445, 445, 445, 445, 445, 445, 445, 445, 445, 445, 445, 445, 445, 445, 445, 445]
Tiempo: [0, 4.943532943725586, 6.2957048416137695, 7.4224090576171875, 8.803805351257324, 10.03180480003357, 11.118273496627808, 12.346220970153809, 13.564906597137451, 14.727386474609375, 15.862719058990479, 17.112363576889038, 18.49833345413208, 19.839322090148926, 21.122511863708496, 22.18305277824402, 23.508363246917725, 24.647023677825928, 25.874438285827637, 27.17943549156189, 28.28250288963318, 29.630971431732178, 30.997056007385254, 32.20700168609619, 33.509538888931274, 34.741230487823486, 36.04812526702881, 37.23943305015564, 38.46010708808899, 39.636781454086304, 40.8500657081604, 42.15472960472107, 43.709359884262085, 45.17469048500061, 46.22067904472351, 47.56294631958008, 48.77311182022095, 50.231635332107544, 51.766000270843506, 53.12062692642212, 54.64390301704407, 56.24365043640137, 57.52381205558777, 58.81195902824402, 60.088756799697876, 61.21412920951843]
---------------------------

Iteración: 2
F. objetivo: [783, 702, 609, 524, 521, 482, 480, 480, 479, 473, 451, 451, 451, 451, 451, 451, 449, 449, 449, 449, 444, 444, 444, 444, 444, 444, 442, 442, 442, 442, 442, 442, 442, 442, 442, 442, 442, 442, 442, 442, 442, 442, 442, 442, 442, 442]
Tiempo: [0, 5.138535022735596, 6.306684255599976, 7.620697259902954, 8.975385189056396, 10.011749505996704, 11.140315294265747, 12.54536747932434, 13.803365468978882, 15.165011405944824, 16.379900217056274, 18.056641817092896, 19.59688448905945, 20.930914640426636, 22.1098952293396, 23.364283323287964, 24.43458342552185, 25.653743505477905, 27.058696746826172, 28.209245920181274, 29.396228313446045, 31.00296950340271, 32.6634464263916, 33.729206800460815, 34.844372272491455, 36.172465801239014, 37.31671071052551, 38.66993522644043, 40.02177619934082, 41.208558559417725, 42.38375473022461, 43.98204946517944, 45.412665605545044, 46.642465353012085, 47.8887300491333, 49.30980944633484, 50.58990430831909, 51.77220678329468, 52.86703443527222, 54.043070554733276, 55.660486698150635, 57.14569544792175, 58.327839612960815, 59.6816828250885, 60.89459156990051, 62.03721737861633]
---------------------------

Iteración: 3
F. objetivo: [799, 659, 583, 499, 489, 468, 468, 468, 464, 464, 464, 457, 457, 454, 440, 440, 440, 440, 440, 440, 440, 440, 440, 440, 440, 440, 440, 440, 440, 440, 440, 440, 440, 440, 440, 440, 440, 440, 440, 440, 440, 440, 440, 440, 440, 440]
Tiempo: [0, 4.848862171173096, 5.763321876525879, 7.318498611450195, 8.514009237289429, 9.719979524612427, 10.993999719619751, 12.330106973648071, 13.340294361114502, 14.712660074234009, 15.90998101234436, 17.093968391418457, 18.672163724899292, 20.141605615615845, 21.132155418395996, 22.61510396003723, 23.78190588951111, 25.04494595527649, 26.229167699813843, 27.540427207946777, 28.972668886184692, 30.217978477478027, 31.649210691452026, 32.90911412239075, 34.29148983955383, 35.47460341453552, 36.727667570114136, 37.90407085418701, 39.19898271560669, 40.34518814086914, 41.58042812347412, 43.07313561439514, 44.301501989364624, 45.55832362174988, 46.65531611442566, 48.015568017959595, 49.221468687057495, 50.381860971450806, 51.78543949127197, 52.989047050476074, 54.49747586250305, 56.12169599533081, 57.408485889434814, 58.7486846446991, 60.13588738441467, 61.43479681015015]
---------------------------

Iteración: 4
F. objetivo: [689, 588, 536, 491, 471, 471, 471, 471, 471, 469, 460, 460, 460, 451, 451, 451, 451, 451, 451, 451, 451, 451, 451, 451, 450, 450, 450, 450, 450, 450, 450, 450, 450, 450, 450, 450, 450, 450, 450, 450, 450, 450, 450, 450, 450, 450]
Tiempo: [0, 5.061459541320801, 6.478912115097046, 7.705865383148193, 8.913239479064941, 10.190474033355713, 11.416595697402954, 12.63318920135498, 13.90852165222168, 15.148165225982666, 16.21710443496704, 17.56511425971985, 18.95694398880005, 20.18673610687256, 21.44855284690857, 22.584999084472656, 23.81251311302185, 25.041696071624756, 26.39888834953308, 27.527926445007324, 28.79288125038147, 29.967158555984497, 31.481553316116333, 32.701748847961426, 33.86225485801697, 35.13035440444946, 36.47465133666992, 37.6741304397583, 38.87301158905029, 39.97284507751465, 41.30905032157898, 42.78935098648071, 44.2309513092041, 45.448185443878174, 46.56909227371216, 48.034536838531494, 49.34121084213257, 50.72499680519104, 51.97189712524414, 53.13321089744568, 54.66563630104065, 56.387797117233276, 57.55213761329651, 58.93867802619934, 60.11264681816101, 61.37453746795654]
---------------------------

Iteración: 5
F. objetivo: [690, 595, 558, 489, 489, 475, 475, 469, 461, 461, 455, 455, 455, 455, 455, 450, 450, 450, 450, 450, 450, 450, 450, 444, 444, 444, 444, 444, 444, 444, 444, 444, 444, 444, 444, 444, 444, 444, 444, 444, 444, 444, 442, 442, 442, 442]
Tiempo: [0, 5.191189765930176, 6.731196165084839, 8.02492356300354, 9.282192707061768, 10.584426403045654, 11.876895904541016, 13.057572841644287, 14.253821849822998, 15.434719324111938, 16.716495752334595, 18.15583610534668, 19.92307162284851, 21.27982783317566, 22.518168926239014, 23.696751594543457, 24.95815086364746, 26.13093376159668, 27.39164400100708, 28.57265067100525, 29.918847799301147, 31.37515616416931, 32.73048710823059, 33.95932459831238, 35.29854655265808, 36.58104658126831, 37.8738169670105, 39.05880856513977, 40.36952304840088, 41.5311062335968, 42.84222722053528, 44.43822002410889, 45.880849838256836, 47.14336919784546, 48.271888732910156, 49.48645567893982, 50.69237494468689, 51.909838914871216, 53.135072469711304, 54.307480573654175, 55.600724935531616, 57.06412744522095, 58.07172083854675, 59.38047409057617, 60.63180232048035, 61.97703695297241]
---------------------------

