Iteración: 1
F. objetivo: [692, 655, 608, 572, 568, 559, 541, 530, 530, 518, 493, 490, 490, 490, 487, 487]
Tiempo: [0, 3.991333484649658, 4.480587720870972, 4.898308277130127, 5.362858057022095, 5.704209089279175, 5.989488840103149, 6.462253093719482, 6.925457000732422, 7.303008556365967, 7.679771900177002, 8.137075424194336, 8.639759540557861, 9.078933000564575, 9.521197319030762, 9.985701084136963]
---------------------------

Iteración: 2
F. objetivo: [815, 777, 741, 734, 706, 680, 646, 641, 624, 592, 567, 567, 516, 512, 512, 512]
Tiempo: [0, 4.4498467445373535, 4.892058849334717, 5.302385330200195, 5.625059127807617, 5.912334680557251, 6.291953802108765, 6.632155418395996, 7.0055670738220215, 7.451242208480835, 7.824348449707031, 8.268247604370117, 8.621856689453125, 8.994909286499023, 9.421869039535522, 9.905900478363037]
---------------------------

Iteración: 3
F. objetivo: [694, 674, 629, 626, 626, 626, 613, 605, 582, 574, 556, 547, 540, 540, 534, 528]
Tiempo: [0, 4.660547494888306, 4.832580089569092, 5.256418228149414, 5.712940216064453, 6.121463298797607, 6.450453281402588, 6.903007745742798, 7.310967683792114, 7.732665777206421, 8.14300799369812, 8.587947845458984, 8.953699350357056, 9.358877897262573, 9.874548196792603, 10.48210072517395]
---------------------------

Iteración: 4
F. objetivo: [719, 678, 667, 637, 606, 599, 579, 575, 551, 537, 537, 537, 537, 537, 537, 528]
Tiempo: [0, 5.89222526550293, 6.432381629943848, 6.609523296356201, 7.141592264175415, 7.535604476928711, 8.134766101837158, 8.554780960083008, 9.074652194976807, 9.462296485900879, 10.00595235824585, 10.388204574584961, 10.781970977783203, 11.307983160018921, 11.758779525756836, 12.003522396087646]
---------------------------

Iteración: 5
F. objetivo: [714, 683, 647, 608, 603, 597, 541, 536, 536, 495, 474, 473, 473, 470, 470, 470]
Tiempo: [0, 4.659836530685425, 5.1500396728515625, 5.596381187438965, 6.274974822998047, 6.922388553619385, 7.332298994064331, 7.761130332946777, 8.175814390182495, 8.47067642211914, 8.811546802520752, 9.299812078475952, 9.702625036239624, 10.067493438720703, 10.521681070327759, 10.97040581703186]
---------------------------

