Iteración: 1
F. objetivo: [807, 731, 616, 522, 510, 496, 484, 484, 478, 476, 463, 463, 461, 459, 455, 448]
Tiempo: [0, 5.042300224304199, 6.236013650894165, 7.584327697753906, 8.901899814605713, 10.160536050796509, 11.609629154205322, 13.001163721084595, 14.237008571624756, 15.517975091934204, 16.763957023620605, 18.00340223312378, 19.20834994316101, 20.401723384857178, 21.60994529724121, 22.831501722335815]
---------------------------

Iteración: 2
F. objetivo: [778, 658, 586, 546, 537, 504, 504, 488, 481, 478, 467, 467, 467, 467, 457, 457]
Tiempo: [0, 5.132832288742065, 6.245277166366577, 7.515352725982666, 8.839751720428467, 9.828688621520996, 11.112650632858276, 12.432002067565918, 13.826512336730957, 15.098933696746826, 16.30176305770874, 17.54872989654541, 18.851524591445923, 20.13128161430359, 21.273950815200806, 22.54976177215576]
---------------------------

Iteración: 3
F. objetivo: [750, 616, 529, 489, 465, 458, 456, 456, 456, 454, 454, 454, 454, 452, 450, 442]
Tiempo: [0, 5.123316526412964, 6.425390005111694, 7.723687410354614, 9.09960675239563, 10.273839473724365, 11.61795449256897, 12.843816041946411, 14.373393535614014, 16.024696588516235, 17.268184661865234, 18.64016366004944, 20.012031078338623, 21.269529581069946, 22.61978006362915, 23.852697134017944]
---------------------------

Iteración: 4
F. objetivo: [845, 736, 659, 630, 556, 535, 500, 486, 474, 462, 462, 455, 455, 450, 450, 450]
Tiempo: [0, 5.787872314453125, 7.0045788288116455, 8.086071252822876, 9.364481210708618, 10.692159652709961, 11.890244007110596, 13.263280391693115, 14.563313961029053, 16.1124906539917, 17.54708504676819, 18.70369529724121, 19.985450983047485, 21.210647583007812, 22.656816244125366, 24.093249797821045]
---------------------------

Iteración: 5
F. objetivo: [801, 672, 640, 554, 502, 502, 468, 467, 461, 461, 453, 453, 453, 453, 453, 441]
Tiempo: [0, 5.397809743881226, 6.630985975265503, 7.811115503311157, 8.93160605430603, 10.153926610946655, 11.513737440109253, 12.690053701400757, 14.017335176467896, 15.570800304412842, 17.0175142288208, 18.46180248260498, 19.64143133163452, 20.92196297645569, 22.081581115722656, 23.237191915512085]
---------------------------

