Iteración: 1
F. objetivo: [733, 680, 604, 579, 539, 531, 524, 518, 518, 514, 480, 474, 471, 470, 467, 465]
Tiempo: [0, 4.467819452285767, 5.2034995555877686, 5.970755100250244, 6.733693838119507, 7.491860628128052, 8.360032081604004, 9.344843864440918, 10.437771558761597, 11.302533388137817, 11.990505695343018, 12.926345109939575, 13.691492795944214, 14.594582319259644, 15.406632661819458, 16.207570791244507]
---------------------------

Iteración: 2
F. objetivo: [749, 668, 621, 597, 577, 577, 573, 565, 545, 504, 504, 468, 468, 467, 467, 449]
Tiempo: [0, 4.156184196472168, 5.022219896316528, 6.00278902053833, 6.884897708892822, 7.690393924713135, 8.620423555374146, 9.424885749816895, 10.101414680480957, 10.837810516357422, 11.732571363449097, 12.608148097991943, 13.413450717926025, 14.18328857421875, 15.047687292098999, 15.82055401802063]
---------------------------

Iteración: 3
F. objetivo: [815, 740, 695, 638, 584, 563, 528, 494, 486, 468, 459, 459, 459, 459, 459, 459]
Tiempo: [0, 4.640724182128906, 5.32208514213562, 6.362300872802734, 6.946088790893555, 7.90613055229187, 8.657421827316284, 9.493716478347778, 10.36719298362732, 11.18364930152893, 11.976507425308228, 12.863629341125488, 13.822176218032837, 14.887648820877075, 15.709808349609375, 16.541873455047607]
---------------------------

Iteración: 4
F. objetivo: [798, 708, 659, 598, 560, 498, 492, 489, 473, 473, 473, 473, 473, 461, 461, 457]
Tiempo: [0, 5.20745325088501, 6.166290998458862, 7.203561067581177, 8.032588720321655, 9.049817562103271, 10.090466737747192, 10.934003114700317, 11.657059669494629, 12.4767484664917, 13.381323099136353, 14.286468744277954, 15.124488592147827, 15.9288911819458, 16.84957766532898, 17.532824516296387]
---------------------------

Iteración: 5
F. objetivo: [720, 668, 608, 568, 543, 503, 484, 461, 461, 461, 461, 454, 453, 450, 450, 450]
Tiempo: [0, 4.62455153465271, 5.507720232009888, 6.348841428756714, 7.054038047790527, 7.731066465377808, 8.450841426849365, 9.1774423122406, 10.051101207733154, 10.883033275604248, 11.725345849990845, 12.435197114944458, 13.18501329421997, 13.979289770126343, 14.769191026687622, 15.55935001373291]
---------------------------

Iteración: 1
F. objetivo: [698, 647, 614, 597, 587, 548, 524, 524, 524, 504, 501, 501, 490, 487, 487, 485]
Tiempo: [0, 4.353500127792358, 5.096373081207275, 5.841249227523804, 6.553941965103149, 7.485531568527222, 8.309470653533936, 9.182550430297852, 9.964785099029541, 10.681820154190063, 11.452323913574219, 12.411174535751343, 13.049187660217285, 13.812493562698364, 14.685245990753174, 15.439156770706177]
---------------------------

Iteración: 2
F. objetivo: [848, 689, 627, 583, 558, 531, 496, 490, 484, 477, 477, 477, 474, 467, 467, 467]
Tiempo: [0, 4.344183921813965, 5.184842109680176, 5.9420857429504395, 6.862035274505615, 7.7349889278411865, 8.381972551345825, 9.101940631866455, 9.895256996154785, 10.730290174484253, 11.515751123428345, 12.375510454177856, 13.049189329147339, 13.816265106201172, 14.67889666557312, 15.502765655517578]
---------------------------

Iteración: 3
F. objetivo: [682, 605, 568, 534, 515, 510, 504, 504, 499, 494, 469, 469, 466, 458, 458, 458]
Tiempo: [0, 4.4303412437438965, 5.2646801471710205, 5.9399919509887695, 6.770616292953491, 7.535462379455566, 8.343306303024292, 9.136006593704224, 9.890733480453491, 10.693351984024048, 11.450533866882324, 12.288404703140259, 13.207332134246826, 14.10468578338623, 15.007656812667847, 15.940801620483398]
---------------------------

Iteración: 4
F. objetivo: [831, 754, 696, 623, 583, 544, 508, 498, 484, 484, 484, 484, 477, 477, 470, 470]
Tiempo: [0, 4.729942321777344, 5.475348234176636, 6.101852893829346, 7.007679224014282, 7.887057542800903, 8.77589464187622, 9.97554349899292, 10.912139892578125, 11.759631872177124, 12.628515243530273, 13.375755310058594, 14.15825867652893, 14.963616847991943, 15.700325012207031, 16.542622566223145]
---------------------------

Iteración: 5
F. objetivo: [701, 611, 559, 525, 498, 494, 492, 489, 488, 488, 484, 473, 466, 463, 463, 463]
Tiempo: [0, 4.2965943813323975, 5.176428556442261, 6.330065488815308, 7.112032651901245, 7.9745378494262695, 8.7134530544281, 9.48801064491272, 10.247315168380737, 11.070483446121216, 11.888633728027344, 12.748442888259888, 13.451160192489624, 14.187842607498169, 15.011752605438232, 15.878110885620117]
---------------------------

Iteración: 1
F. objetivo: [790, 732, 686, 636, 572, 519, 496, 487, 480, 480, 480, 473, 465, 465, 465, 465]
Tiempo: [0, 4.513979196548462, 5.290704250335693, 6.109076976776123, 6.740014314651489, 7.4589128494262695, 8.213558197021484, 9.318776369094849, 10.271201848983765, 11.170591592788696, 11.917606830596924, 12.692616701126099, 13.408990383148193, 14.245226383209229, 14.99850344657898, 15.847717046737671]
---------------------------

Iteración: 2
F. objetivo: [678, 599, 596, 562, 534, 506, 506, 500, 477, 471, 471, 471, 471, 471, 471, 470]
Tiempo: [0, 4.39056134223938, 5.2578911781311035, 6.049574851989746, 6.977496147155762, 7.722186326980591, 8.595735549926758, 9.4977707862854, 10.146236896514893, 10.976455926895142, 11.885347604751587, 12.574996709823608, 13.419486999511719, 14.313403844833374, 15.285579919815063, 16.10282301902771]
---------------------------

Iteración: 3
F. objetivo: [692, 641, 618, 598, 555, 546, 529, 518, 490, 489, 474, 468, 451, 451, 451, 450]
Tiempo: [0, 5.1399009227752686, 6.033823490142822, 6.798529386520386, 7.502763509750366, 8.30739712715149, 9.096713542938232, 9.743637323379517, 10.661743879318237, 11.479182243347168, 12.234252214431763, 13.003913164138794, 13.845584154129028, 14.890885353088379, 15.93744421005249, 16.70935368537903]
---------------------------

Iteración: 4
F. objetivo: [748, 641, 593, 536, 483, 481, 467, 464, 460, 456, 456, 456, 452, 449, 446, 446]
Tiempo: [0, 4.474196672439575, 5.121748685836792, 5.792650461196899, 6.505778789520264, 7.351111173629761, 8.192624568939209, 8.96480417251587, 9.98858642578125, 10.992055892944336, 11.955304384231567, 12.800623178482056, 13.591792106628418, 14.348498582839966, 15.133513450622559, 15.958433628082275]
---------------------------

Iteración: 5
F. objetivo: [769, 700, 661, 608, 580, 538, 506, 503, 485, 485, 485, 474, 457, 457, 457, 457]
Tiempo: [0, 4.550578355789185, 5.3377485275268555, 6.13688063621521, 7.007051467895508, 7.864303350448608, 8.80386996269226, 9.548634052276611, 10.407947540283203, 11.158388614654541, 11.899761199951172, 12.569135904312134, 13.360002279281616, 14.185884714126587, 15.046598672866821, 15.758725643157959]
---------------------------

